# [1] m:            [M_sun/h] 
# [2] sigma 
# [3] ln(1/sigma) 
# [4] n_eff 
# [5] f(sigma) 
# [6] dn/dm:        [h^4/(Mpc^3*M_sun)] 
# [7] dn/dlnm:      [h^3/Mpc^3] 
# [8] dn/dlog10m:   [h^3/Mpc^3] 
# [9] n(>m):        [h^3/Mpc^3] 
# [11] rho(>m):     [M_sun*h^2/Mpc^3] 
# [11] rho(<m):     [M_sun*h^2/Mpc^3] 
# [12] Lbox(N=1):   [Mpc/h]
1.000000000000000000e+10 1.896029338873276293e+00 -6.397618778023882458e-01 -2.361242218390441128e+00 3.183881547009111967e-01 2.554096331648715408e-11 2.554096331648715301e-01 5.881024139325108369e-01 2.722186520281112965e-01 2.086881619344427872e+10 5.448329380655572510e+10 1.542981457222734942e+00
1.122018454301965332e+10 1.872845872876489404e+00 -6.274591311686601447e-01 -2.356394020342361451e+00 3.188133218482199771e-01 2.046919193637665061e-11 2.296681109726358139e-01 5.288303686616935284e-01 2.442953324632562984e-01 2.057345123175271988e+10 5.477865876824728394e+10 1.599662179093522374e+00
1.258925411794171333e+10 1.849772452003326295e+00 -6.150626326081253259e-01 -2.351505963623462314e+00 3.191906632103722052e-01 1.640213315467397911e-11 2.064906223605076918e-01 4.754622288903680438e-01 2.191880175244548534e-01 2.027546900296969223e+10 5.507664099703030396e+10 1.658546798978095982e+00
1.412537544622761154e+10 1.826809911054090296e+00 -6.025712276775161413e-01 -2.346529688066314456e+00 3.195174321470563017e-01 1.314209452425409875e-11 1.856370193049012018e-01 4.274450333593134421e-01 1.966153359682129009e-01 1.997488059292445755e+10 5.537722940707554626e+10 1.719732386466497065e+00
1.584893192461123848e+10 1.803959362462075111e+00 -5.899838950353102351e-01 -2.341474016061691366e+00 3.197907604786540681e-01 1.052889986098672075e-11 1.668718171378272830e-01 3.842365585823894758e-01 1.763232961696704071e-01 1.967169157695584106e+10 5.568041842304415894e+10 1.783323371795311418e+00
1.778279410038937378e+10 1.781221593590344821e+00 -5.772994174496094422e-01 -2.336369787180621493e+00 3.200076635040656203e-01 8.433943671298918894e-12 1.499790837609907002e-01 3.453396025289625637e-01 1.580838921418866727e-01 1.936592052429579163e+10 5.598618947570420837e+10 1.849428134185954420e+00
1.995262314968899155e+10 1.758597177846658255e+00 -5.645164331887363440e-01 -2.331230172041795168e+00 3.201650321617421913e-01 6.754523798339918741e-12 1.347704679038822795e-01 3.103204703713118295e-01 1.416923903193798850e-01 1.905760026310989761e+10 5.629450973689010620e+10 1.918158501821769502e+00
2.238721138568365097e+10 1.736086818630800943e+00 -5.516336257196915449e-01 -2.326009928735548904e+00 3.202596257747915010e-01 5.408786739681495150e-12 1.210876520813323198e-01 2.788146226281252305e-01 1.269640129943940265e-01 1.874676053073118591e+10 5.660534946926881409e+10 1.989633660606733301e+00
2.511886431509613037e+10 1.713691652744050664e+00 -5.386499047759433223e-01 -2.320692310577221917e+00 3.202880706059509919e-01 4.330633802367442075e-12 1.087806028800366032e-01 2.504765945984774866e-01 1.137317325637290238e-01 1.843342129353063965e+10 5.691868870646936035e+10 2.063982995486731475e+00
2.818382931264495468e+10 1.691412601188903908e+00 -5.255640384913032870e-01 -2.315317312196524036e+00 3.202468615023559839e-01 3.466717051555479930e-12 9.770536165627542735e-02 2.249749092553318397e-01 1.018454449673838469e-01 1.811761274263297653e+10 5.723449725736701965e+10 2.141342467090180612e+00
3.162277660168431091e+10 1.669250303492420429e+00 -5.123746055694656798e-01 -2.309902960356768453e+00 3.201323558000610525e-01 2.774494718413049434e-12 8.773722666292887995e-02 2.020224302146997886e-01 9.117051148063309851e-02 1.779938362710075760e+10 5.755272637289924622e+10 2.221852389712861253e+00
3.548133892335818481e+10 1.647205367049639602e+00 -4.990801350127052616e-01 -2.304421799754767353e+00 3.199407688075725509e-01 2.220034451636219319e-12 7.876979480003633294e-02 1.813741552847635830e-01 8.158559684314656280e-02 1.747878592573062515e+10 5.787332407426937866e+10 2.305661255285510247e+00
3.981071705535050964e+10 1.625278871153973181e+00 -4.856794140757009770e-01 -2.298830311591653519e+00 3.196681781785611909e-01 1.776097106381993692e-12 7.070769936500032049e-02 1.628104945177543117e-01 7.298098059808365290e-02 1.715586091556851387e+10 5.819624908443148804e+10 2.392930591845128685e+00
4.466835921509725952e+10 1.603471884559570348e+00 -4.721712062022619949e-01 -2.293167586774802480e+00 3.193105227252081013e-01 1.420606688143467806e-12 6.345616984936207350e-02 1.461132307536393282e-01 6.525788746629884729e-02 1.683065489536176682e+10 5.852145510463822937e+10 2.483832639648005713e+00
5.011872336272837830e+10 1.581785122250232822e+00 -4.585540334768462012e-01 -2.287456520659270076e+00 3.188635940750377262e-01 1.135953292182544341e-12 5.693252880387750237e-02 1.310919921302624858e-01 5.832775689420132553e-02 1.650323485621107864e+10 5.884887514378892517e+10 2.578546147714948056e+00
5.623413251903628540e+10 1.560219160726542098e+00 -4.448262990391999017e-01 -2.281693329055031860e+00 3.183230348041293789e-01 9.080758666435092860e-13 5.106485862216982030e-02 1.175811822392567041e-01 5.211092753496337354e-02 1.617367887940025711e+10 5.917843112059974670e+10 2.677259072113449268e+00
6.309573444802097321e+10 1.538774955335480366e+00 -4.309866163122179628e-01 -2.275816282555898518e+00 3.176843519203699784e-01 7.257528447956973937e-13 4.579190877012510180e-02 1.054397665138333690e-01 4.653540381613614774e-02 1.584205699710012245e+10 5.951005300289987946e+10 2.780175238734527543e+00
7.079457843841575623e+10 1.517453692651644870e+00 -4.170337279350967430e-01 -2.269846482924974485e+00 3.169429216330330590e-01 5.798817034388426668e-13 4.105248073910328782e-02 9.452683018028441853e-02 4.153623889878322456e-02 1.550843733205134583e+10 5.984367266794865417e+10 2.887515187101710623e+00
7.943282347243049622e+10 1.496256184479021867e+00 -4.029661112008166013e-01 -2.263819168787725378e+00 3.160939722235167060e-01 4.631747615845419466e-13 3.679127907383000079e-02 8.471505074758474418e-02 3.705519187558651423e-02 1.517290876292075157e+10 6.017920123707924652e+10 2.999509979482825273e+00
8.912509381337731934e+10 1.475183036974008433e+00 -3.887820749566351930e-01 -2.257748934562117782e+00 3.151325858365903176e-01 3.698182253848973461e-13 3.296008403132569264e-02 7.589339815436163539e-02 3.303998065303787035e-02 1.483557971537539291e+10 6.051653028462460327e+10 3.116401503629747882e+00
1.000000000000032654e+11 1.454235054069326738e+00 -3.744800263409830410e-01 -2.251571783921746839e+00 3.140537186884801435e-01 2.951877018886435359e-13 2.951877018886531895e-02 6.796948020039832172e-02 2.944340869416888981e-02 1.449655585911630630e+10 6.085555414088369751e+10 3.238450805888427375e+00
1.122018454302001953e+11 1.433413471694755970e+00 -3.600586429531876798e-01 -2.245277647506623175e+00 3.128522267060044326e-01 2.355432323132494688e-13 2.642838534414095400e-02 6.085360612532127872e-02 2.622283153602591316e-02 1.415593498590671730e+10 6.119617501409328461e+10 3.365943370570925186e+00
1.258925411794212494e+11 1.412719232365886812e+00 -3.455163807494364692e-01 -2.238916054641925779e+00 3.115228381537118452e-01 1.878739728444476322e-13 2.365193186286109264e-02 5.446058572793484320e-02 2.333997673969452277e-02 1.381383327491289330e+10 6.153827672508710480e+10 3.499181962706975568e+00
1.412537544622807312e+11 1.392153005076645078e+00 -3.308514733118673723e-01 -2.232509641017609514e+00 3.100601551596922634e-01 1.497831832727188657e-13 2.115743699258342339e-02 4.871679902508337101e-02 2.076054212086907852e-02 1.347039296743572426e+10 6.188171703256427765e+10 3.638483724890519078e+00
1.584893192461175842e+11 1.371715466046361076e+00 -3.160621215326034350e-01 -2.226013176835671903e+00 3.084586779186295202e-01 1.193643747199216473e-13 1.891797849159886774e-02 4.356025526433753708e-02 1.845361576363356571e-02 1.312576131816799164e+10 6.222634868183200836e+10 3.784189201928338964e+00
1.778279410038995667e+11 1.351407808652032250e+00 -3.011468703137323843e-01 -2.219379298806380962e+00 3.067128632034654134e-01 9.508592196068541043e-14 1.690893372072616377e-02 3.893425872376841262e-02 1.639125291393092598e-02 1.278007546150817299e+10 6.257203453849182892e+10 3.936672467640073503e+00
1.995262314968964539e+11 1.331231129456349249e+00 -2.861041753188676706e-01 -2.212663680638319974e+00 3.048170999877151122e-01 7.570834980089347067e-14 1.510580172862108564e-02 3.478239387804660243e-02 1.454833659888555772e-02 1.243348548560096931e+10 6.291862451439903259e+10 4.096335819941711698e+00
2.238721138568438416e+11 1.311186166414933574e+00 -2.709321980676465680e-01 -2.205892214620130964e+00 3.027656966130388150e-01 6.024628741401075176e-14 1.348746371540155385e-02 3.105603289338170619e-02 1.290237592959985781e-02 1.208617099298156166e+10 6.326593900701844025e+10 4.263603101750234714e+00
2.511886431509695129e+11 1.291273532844890770e+00 -2.556289661413158609e-01 -2.199051416742817011e+00 3.005529134516486955e-01 4.791480745056479141e-14 1.203565547034733500e-02 2.771312087043401734e-02 1.143314708550447097e-02 1.173832596896225929e+10 6.361378403103774261e+10 4.438927683290722292e+00
2.818382931264587402e+11 1.271494297363149562e+00 -2.401928209019495997e-01 -2.192064598518336904e+00 2.981730529039997579e-01 3.808809025366874591e-14 1.073468234554050826e-02 2.471751954686793318e-02 1.012238107507192758e-02 1.139013685025395393e+10 6.396197314974604797e+10 4.622807107317482789e+00
3.162277660168534546e+11 1.251849693755556991e+00 -2.246222125600822461e-01 -2.184970324783294338e+00 2.956204687524096042e-01 3.025882714828523095e-14 9.568681311392355365e-03 2.203270294722275632e-02 8.953625512719665114e-03 1.104179445146089745e+10 6.431031554853910065e+10 4.815784279304344828e+00
3.548133892335934448e+11 1.232340543457669524e+00 -2.089152420599127979e-01 -2.177808719088067058e+00 2.928895224633872862e-01 2.402264759389457751e-14 8.523557011153964219e-03 1.962621531316800436e-02 7.912152556209901474e-03 1.069351954132573509e+10 6.465859045867426300e+10 5.018436684340859877e+00
3.981071705535180664e+11 1.212967466661607707e+00 -1.930698090429672220e-01 -2.170594329757697949e+00 2.899746303471317233e-01 1.905773005586045688e-14 7.587018989711345925e-03 1.746975682597209228e-02 6.984753252731403309e-03 1.034555755549225807e+10 6.500655244450774384e+10 5.231380515102794782e+00
4.466835921509872437e+11 1.193731359729208297e+00 -1.770839978043622642e-01 -2.163238674851545085e+00 2.868703708032098176e-01 1.510885179982610019e-14 6.748876195223231685e-03 1.553986172158338709e-02 6.159512789042519490e-03 9.998151637602952957e+09 6.535395836239704895e+10 5.455290467204228833e+00
5.011872336273001709e+11 1.174633526461141608e+00 -1.609562065740837711e-01 -2.155743601142432020e+00 2.835715660716882636e-01 1.196964334598370360e-14 5.999032436078993724e-03 1.381328265970324827e-02 5.425684179510357162e-03 9.651540583131576538e+09 6.570056941686842346e+10 5.690911472641830393e+00
5.623413251903812256e+11 1.155674904525469948e+00 -1.446845062402361826e-01 -2.148169567832409310e+00 2.800732075984349589e-01 9.474774536712403148e-15 5.328057268854932867e-03 1.226830524188393841e-02 4.773644481970680011e-03 9.305990184354333878e+09 6.604611981564566803e+10 5.939045366948308313e+00
6.309573444802304688e+11 1.136856162446862051e+00 -1.282667005625268419e-01 -2.140545856440082328e+00 2.763705080724303542e-01 7.493049026297706880e-15 4.727794315692977409e-03 1.088614871405663674e-02 4.194783133072168407e-03 8.961798421559356689e+09 6.639031157844064331e+10 6.200549263258125166e+00
7.079457843841807861e+11 1.118178029347915103e+00 -1.117006011862172188e-01 -2.132800666107843135e+00 2.724590141002948274e-01 5.920580410663710865e-15 4.191449942836935998e-03 9.651170156407075373e-03 3.681350161310577643e-03 8.619268403788337708e+09 6.673284159621166229e+10 6.476359633021913531e+00
7.943282347243309326e+11 1.099641782088213615e+00 -9.498447412090846309e-02 -2.124885408527031228e+00 2.683347850479227414e-01 4.673971586573865277e-15 3.712667599514898886e-03 8.548733069884994692e-03 3.226352580653277669e-03 8.278693271909988403e+09 6.707341672809001160e+10 6.767517560077653371e+00
8.912509381338023682e+11 1.081248506613462723e+00 -7.811639809625847697e-02 -2.116876485201855118e+00 2.639943202640691600e-01 3.686041322642594099e-15 3.285187786805173708e-03 7.564424425583695169e-03 2.823523643266562071e-03 7.940385761553115845e+09 6.741172423844688416e+10 7.075158775522377930e+00
1.000000000000065430e+12 1.062998929380138513e+00 -6.109409219104260103e-02 -2.108806190309739037e+00 2.594345793989730198e-01 2.903649492684031636e-15 2.903649492684221445e-03 6.685900037134412562e-03 2.467265531698611090e-03 7.604693251481153488e+09 6.774741674851884460e+10 7.400505223030026336e+00
1.122018454302038818e+12 1.044893670572330402e+00 -4.391512959133826027e-02 -2.100643271054760675e+00 2.546531072142130814e-01 2.284678714594937394e-15 2.563451679926580760e-03 5.902565624809489112e-03 2.152553890150014654e-03 7.271976061583656311e+09 6.808013393841634369e+10 7.744891220418716138e+00
1.258925411794253662e+12 1.026933879668242566e+00 -2.657754685651952942e-02 -2.092293200259695674e+00 2.496482940401113515e-01 1.795636228059067316e-15 2.260572077841941849e-03 5.205159568077431451e-03 1.874860760327842898e-03 6.942583681297113419e+09 6.840952631870288849e+10 8.109803413532846506e+00
1.412537544622853760e+12 1.009120788586855832e+00 -9.079445392839878906e-03 -2.083820321445344792e+00 2.444193728035677360e-01 1.409484964498090673e-15 1.990950430934963072e-03 4.584332783160918051e-03 1.630123451546885201e-03 6.616872435648193359e+09 6.873523756435180664e+10 8.496886848532122727e+00
1.584893192461227539e+12 9.914551858054566624e-01 8.581530424543999322e-03 -2.075271323865898410e+00 2.389663575275941254e-01 1.104829487238952656e-15 1.751036733155444643e-03 4.031911079048719829e-03 1.414717354991645252e-03 6.295230170771857262e+09 6.905687982922814941e+10 8.907929534366015645e+00
1.778279410039053711e+12 9.739376591381982973e-01 2.640798237959163589e-02 -2.066657218336124480e+00 2.332901928847548045e-01 8.647325816113208564e-16 1.537736145069327478e-03 3.540768324594763088e-03 1.225400369900558938e-03 5.978064575043392181e+09 6.937404542495660400e+10 9.344885783270585833e+00
1.995262314969029785e+12 9.565691614817758426e-01 4.440218588701218966e-02 -2.057856871990215719e+00 2.273930414268758582e-01 6.758311773380579632e-16 1.348460479423778348e-03 3.104944998412796555e-03 1.059257536825370695e-03 5.665773196225144386e+09 6.968633680377485657e+10 9.809935360501421897e+00
2.238721138568511719e+12 9.393510095375796620e-01 6.256605755010098691e-02 -2.048891927815502889e+00 2.212784211210888363e-01 5.273671806308666039e-16 1.180628055065599622e-03 2.718496559964603265e-03 9.136714978659364259e-04 5.358744809742566109e+09 6.999336519025743103e+10 1.030552151356273782e+01
2.511886431509777344e+12 9.222840829572820365e-01 8.090198687780278397e-02 -2.039837226284765492e+00 2.149510424100984918e-01 4.107982521295739029e-16 1.031878555612209198e-03 2.375988179932900495e-03 7.863093793684994065e-04 5.057390605129577637e+09 7.029471939487042236e+10 1.083433303810718051e+01
2.818382931264679688e+12 9.053689898561227967e-01 9.941269478096520507e-02 -2.030730595398965388e+00 2.084169514775803811e-01 3.193902916194079287e-16 9.001641463117877277e-04 2.072704544545233857e-03 6.750920612565465681e-04 4.762143415617027283e+09 7.058996658438296509e+10 1.139932142814180693e+01
3.162277660168638184e+12 8.886064667851177878e-01 1.181008110083652946e-01 -2.021460078550125772e+00 2.016837839239388752e-01 2.478527241368556396e-16 7.837791325499188135e-04 1.804718146809247345e-03 5.781564939726849392e-04 4.473426040905607224e+09 7.087868395909439087e+10 1.200378469973183293e+01
3.548133892336050781e+12 8.719978138651263144e-01 1.369683621117055439e-01 -2.011980445376550186e+00 1.947610671096159096e-01 1.919604914032312044e-16 6.811015255372877700e-04 1.568294219517662319e-03 4.938311848145125662e-04 4.191637597106079578e+09 7.116047240289392090e+10 1.265145561299728705e+01
3.981071705535311035e+12 8.555440372513791747e-01 1.560177115201409892e-01 -2.002395340471074370e+00 1.876599870349471288e-01 1.483454800909440118e-16 5.905739934341090085e-04 1.359846873591342986e-03 4.206276574867878022e-04 3.917183452462568760e+09 7.143492654753742981e+10 1.334650002256489998e+01
4.466835921510018555e+12 8.392457801842971854e-01 1.752516712141127253e-01 -1.992749667171835659e+00 1.803934271178909976e-01 1.143674127354216533e-16 5.108604674567438029e-04 1.176299696965868273e-03 3.572239932228577918e-04 3.650483811132978916e+09 7.170162618886701965e+10 1.409353028405947761e+01
5.011872336273166016e+12 8.231036058859708682e-01 1.946731981530073763e-01 -1.982980207159383390e+00 1.729761551269133890e-01 8.795485400270381883e-17 4.408184996170964398e-04 1.015022105934327689e-03 3.024409481503531096e-04 3.391946337275318146e+09 7.196016366272468567e+10 1.489771984581225972e+01
5.623413251903997070e+12 8.071186787553727982e-01 2.142845598699563703e-01 -1.972970433196489015e+00 1.654252099338711368e-01 6.747281173255432772e-17 3.794275036400694798e-04 8.736641137535681046e-04 2.552237926581559153e-04 3.141942948064499855e+09 7.221016705193550110e+10 1.576496269179979492e+01
6.309573444802510742e+12 7.912921442947093986e-01 2.340880440104683713e-01 -1.962824348795574769e+00 1.577596790564277096e-01 5.161696846703104955e-17 3.256810535407876628e-04 7.499083389536134172e-04 2.146344813404765426e-04 2.900828545652189732e+09 7.245128145434780884e+10 1.670193678427184025e+01
7.079457843842039062e+12 7.756246753597562105e-01 2.540865415764473334e-01 -1.952598848538808385e+00 1.500004867855415647e-01 3.936859202025477051e-17 2.787082875788097396e-04 6.417495482728648778e-04 1.798430341598147397e-04 2.668957530282188416e+09 7.268315246971780396e+10 1.771612732994488226e+01
7.943282347243568359e+12 7.601167410877238684e-01 2.742832508036871508e-01 -1.942294091980417914e+00 1.421704955346447807e-01 2.993081722171846978e-17 2.377489320758500969e-04 5.474371468731063523e-04 1.501133667811655836e-04 2.446665362825065613e+09 7.290544463717492676e+10 1.881598153295207965e+01
8.912509381338316406e+12 7.447692748203399438e-01 2.946808067967089384e-01 -1.931743109399048919e+00 1.342948001766279820e-01 2.268188100416865329e-17 2.021524772360524733e-04 4.654732805955526459e-04 1.247906060944492090e-04 2.234240792698748589e+09 7.311786920730125427e+10 2.001118016293114366e+01
1.000000000000098242e+13 7.295835105657429986e-01 3.152814411274371675e-01 -1.921001459352838392e+00 1.264005768284196807e-01 1.712829288821172014e-17 1.712829288821340293e-04 3.943935187283611446e-04 1.032939361113514686e-04 2.031929038514894724e+09 7.332018096148510742e+10 2.131285961708661247e+01
1.122018454302075391e+13 7.145601712467388733e-01 3.360880706769652781e-01 -1.910164244027256819e+00 1.185165296757355879e-01 1.288499178954947618e-17 1.445719857140523421e-04 3.328892991697250756e-04 8.511186566389938759e-05 1.839953674605766535e+09 7.351215632539422607e+10 2.273369154947596371e+01
1.258925411794294922e+13 6.996996969086136664e-01 3.571040404037202909e-01 -1.899279923609984211e+00 1.106728184063713316e-01 9.652993753578045565e-18 1.215239913627099767e-04 2.798193309529131852e-04 6.979414991083349206e-05 1.658508773766763210e+09 7.369360122623323059e+10 2.428810654549166870e+01
1.412537544622899805e+13 6.850027410490606705e-01 3.783324391964424938e-01 -1.888173228701517825e+00 1.029010880933739075e-01 7.201140122050477590e-18 1.017188078648663028e-04 2.342162106667666733e-04 5.694326137034155523e-05 1.487731059373260260e+09 7.386437894062673950e+10 2.599276942084359732e+01
1.584893192461279492e+13 6.704705218775864894e-01 3.997755416152528607e-01 -1.876812091197138654e+00 9.523436801786895611e-02 5.347986363677644938e-18 8.475987181168452296e-05 1.951668173176710158e-04 4.620868567073065840e-05 1.327691621551454544e+09 7.402441837844854736e+10 2.786712258530029729e+01
1.778279410039111719e+13 6.561038493876704125e-01 4.214361955738777366e-01 -1.865338096154870229e+00 8.770620358259981209e-02 3.952218565470562376e-18 7.028148898950616758e-05 1.618291088606620739e-04 3.728378751627236978e-05 1.178417638453204155e+09 7.417369236154679871e+10 2.993367175074487463e+01
1.995262314969094922e+13 6.419031588146107969e-01 4.433178296380165251e-01 -1.853819009838097998e+00 8.035026711384531117e-02 2.905257918731673527e-18 5.796751640510853745e-05 1.334751391522907154e-04 2.990118131594858393e-05 1.039893816611275911e+09 7.431221618338871765e+10 3.221839372490363473e+01
2.238721138568585156e+13 6.278688440469023524e-01 4.654239813845949536e-01 -1.842133765290813630e+00 7.320007452904650491e-02 2.123802267303215480e-18 4.754601029951596876e-05 1.094787345470068357e-04 2.382733447346617022e-05 9.120412485137902498e+08 7.444006875148620605e+10 3.475160332085551573e+01
2.511886431509859375e+13 6.140019708889542516e-01 4.877571409232827615e-01 -1.830139079012676806e+00 6.628882456099445541e-02 1.543542952934267993e-18 3.877204599928249528e-05 8.927593514282731145e-05 1.885846773122033687e-05 7.947054066638544798e+08 7.455740459333615112e+10 3.756913526964967787e+01
2.818382931264771875e+13 6.003034625532887025e-01 5.103199807028458990e-01 -1.818001864463417938e+00 5.964840005582440485e-02 1.114704509637015679e-18 3.141664163364832471e-05 7.233949069757473604e-05 1.481808208521030195e-05 6.876725576678415537e+08 7.466443744233215332e+10 4.071327149042171811e+01
3.162277660168741406e+13 5.867737389123725000e-01 5.331159867611577896e-01 -1.805796945060493597e+00 5.330860110942071961e-02 7.995021417985506802e-19 2.528247762266618221e-05 5.821505608790669608e-05 1.155421841557327936e-05 5.906794183701697588e+08 7.476143058162983704e+10 4.423368718492039164e+01
3.548133892336166406e+13 5.734130107168101675e-01 5.561490353180040813e-01 -1.793498771606791165e+00 4.729669265903391207e-02 5.692495665179146243e-19 2.019773680159883848e-05 4.650700767157872509e-05 8.936166821586154332e-06 5.034031029944390655e+08 7.484870689700555420e+10 4.818918456671228512e+01
3.981071705535441406e+13 5.602220647954950783e-01 5.794220295781754571e-01 -1.780871468003964342e+00 4.163713163950163304e-02 4.022300069556660601e-19 1.601306499808526014e-05 3.687144475773584837e-05 6.851705510853299991e-06 4.254528640899639130e+08 7.492665713591003418e+10 5.265024993459866920e+01
4.466835921510164844e+13 5.472019026652817919e-01 6.029374355868557522e-01 -1.768032062653559056e+00 3.635075201714251664e-02 2.818752682994192969e-19 1.259090573825161482e-05 2.899163186019136033e-05 5.205128595405126550e-06 3.563806820690800548e+08 7.499572931793092346e+10 5.770182007001167790e+01
5.011872336273329688e+13 5.343529350938508449e-01 6.266987311960542373e-01 -1.755105281829405950e+00 3.145386666247018681e-02 1.957721152425604031e-19 9.811848485979027184e-06 2.259261605853150632e-05 3.915522397437060389e-06 2.956976395580553412e+08 7.505641236044194031e+10 6.344588053868140065e+01
5.623413251904180469e+13 5.216752683396930212e-01 6.507099759818499862e-01 -1.742152188283396130e+00 2.695793754937174033e-02 1.346663003229344619e-19 7.572842578208978932e-06 1.743711443217459142e-05 2.914779135169411927e-06 2.428757876078908443e+08 7.510923421239210510e+10 7.000538514998810058e+01
6.309573444802717188e+13 5.091693295788929374e-01 6.749746466759932728e-01 -1.728892908765664371e+00 2.286941256959054702e-02 9.170253015162124726e-20 5.786038490658899124e-06 1.332284597608094974e-05 2.145780124963026659e-06 1.973463937197067142e+08 7.515476360628028870e+10 7.753032310413365735e+01
7.079457843842270312e+13 4.968360948571386992e-01 6.994950962977077857e-01 -1.715328633315662765e+00 1.918946790547142178e-02 6.177306418348712961e-20 4.373198037719599683e-06 1.006966061036396282e-05 1.560967460301906344e-06 1.585090904765199423e+08 7.519360090952348328e+10 8.620558102892191243e+01
7.943282347243828125e+13 4.846760034510235182e-01 7.242746454004729273e-01 -1.701658795623586906e+00 1.591352179823336127e-02 4.112437503067843021e-20 3.266625222226228526e-06 7.521682541096476633e-06 1.121183881515397348e-06 1.257504439907364696e+08 7.522635955600926208e+10 9.625893480028589977e+01
8.912509381338607812e+13 4.726890960138092623e-01 7.493174089044531971e-01 -1.687989943553975358e+00 1.303138567644875068e-02 2.703161104024892240e-20 2.409194869889147924e-06 5.547376193524481916e-06 7.944574131498748244e-07 9.845347136152030528e+07 7.525365652863847351e+10 1.079716635500119395e+02
1.000000000000130938e+14 4.608754297928926436e-01 7.746274898697764755e-01 -1.674094231055354154e+00 1.052763236008893120e-02 1.753022692806058048e-20 1.753022692806287626e-06 4.036483920136038921e-06 5.548609103083628199e-07 7.600200096952863038e+07 7.527610799903047180e+10 1.216947818870588662e+02
1.122018454302112188e+14 4.492358039934575831e-01 8.002073531645219617e-01 -1.659798262454547757e+00 8.382135469554919879e-03 1.120647481994657962e-20 1.257387155565200219e-06 2.895240920526615238e-06 3.815677892917971542e-07 5.778950681298354268e+07 7.529432049318701172e+10 1.378720071259342035e+02
1.258925411794336094e+14 4.377707249475414897e-01 8.260599646820733222e-01 -1.645370286367844326e+00 6.570425948919768680e-03 7.052746759554247216e-21 8.878882118553000026e-07 2.044438160863153047e-06 2.580758122570534764e-07 4.323373457289811224e+07 7.530887626542710876e+10 1.570667409185732595e+02
1.412537544622946250e+14 4.264801613126587010e-01 8.521894282256783359e-01 -1.630922551206853921e+00 5.064478875423967554e-03 4.364223146790114798e-21 6.164629047953536160e-07 1.419458294965589011e-06 1.714784008613353273e-07 3.178665135235299170e+07 7.532032334864764404e+10 1.799962781245218650e+02
1.584893192461331250e+14 4.153638696970122224e-01 8.786003484605248159e-01 -1.616369095321699367e+00 3.833720479739927568e-03 2.652069287492695879e-21 4.203246559682947061e-07 9.678332870504461230e-07 1.117961113109347137e-07 2.293927504548029602e+07 7.532917072495451355e+10 2.075826734240301619e+02
1.778279410039170000e+14 4.044223147488962833e-01 9.052956134647619502e-01 -1.601365176112144129e+00 2.846122242724362719e-03 1.580891462832740329e-21 2.811266737862165954e-07 6.473180883031422936e-07 7.141732692709516471e-08 1.622671300483252294e+07 7.533588328699516296e+10 2.410268748074934990e+02
1.995262314969160312e+14 3.936560614634086464e-01 9.322776913667971677e-01 -1.586144212245938157e+00 2.069136778354311625e-03 9.228656507217221995e-22 1.841359054664544015e-07 4.239885910120187600e-07 4.463465994421624955e-08 1.123401079033617303e+07 7.534087598920967102e+10 2.819092048030458955e+02
2.238721138568658125e+14 3.830649973048605439e-01 9.595505984430680035e-01 -1.570877599994942475e+00 1.470685196882104157e-03 5.266636139843026852e-22 1.179052965541622375e-07 2.714869782306562307e-07 2.724777071314945022e-08 7.599630553750557825e+06 7.534451036944624329e+10 3.323198944875335883e+02
2.511886431509941875e+14 3.726486732095895538e-01 9.871191980804973065e-01 -1.555635171569603958e+00 1.020166922087308503e-03 2.932866600090810288e-22 7.367027818196800851e-08 1.696320843385240298e-07 1.621979414891998870e-08 5.014930133726098575e+06 7.534709506986627197e+10 3.950495341075525175e+02
2.818382931264864375e+14 3.624071016348168195e-01 1.014987108882751343e+00 -1.539957622931715120e+00 6.893019658170530892e-04 1.591179393061093547e-22 4.484552841983772859e-08 1.032606452269591794e-07 9.397475909782936927e-09 3.222118706281737890e+06 7.534888788129371643e+10 4.738740494795469544e+02
3.162277660168845000e+14 3.523408099804110627e-01 1.043156361625562134e+00 -1.523921678387713641e+00 4.527287129851739994e-04 8.392505001540602134e-23 2.653943107922714270e-08 6.110929837957129640e-08 5.288227319619692238e-09 2.011437183598320466e+06 7.535009856281640625e+10 5.739798258879593504e+02
3.548133892336283125e+14 3.424496427816303146e-01 1.071630660464390150e+00 -1.507821944126108704e+00 2.883840147459746598e-04 4.292753984425146913e-23 1.523126590360048519e-08 3.507128581705896426e-08 2.883712714703945813e-09 1.217231716224248288e+06 7.535089276828378296e+10 7.025587858677887425e+02
3.981071705535571875e+14 3.327330097070374526e-01 1.100414883244831943e+00 -1.491831202919642774e+00 1.777162238136391890e-04 2.123837063077689011e-23 8.455147638986355030e-09 1.946869691259378329e-08 1.520213146462633079e-09 7.123719755300141405e+05 7.535139762802447510e+10 8.696913929684517370e+02
4.466835921510310625e+14 3.231904269255588269e-01 1.129513572434885926e+00 -1.475514748585351033e+00 1.056643320949033179e-04 1.013901596386366585e-23 4.528932071615271060e-09 1.042825147528396563e-08 7.727894367656925410e-10 4.021530587532250211e+05 7.535170784694125366e+10 1.089715029956749959e+03
5.011872336273493750e+14 3.138222267230880158e-01 1.158928610334077236e+00 -1.458672034742397816e+00 6.043844698326746295e-05 4.657496335798896440e-24 2.334277704168565136e-09 5.374873044526903446e-09 3.777113237704225306e-10 2.183543942252562847e+05 7.535189164560577393e+10 1.383396475701296140e+03
5.623413251904365000e+14 3.046282660278972765e-01 1.188663045623918002e+00 -1.441743193259520606e+00 3.315103869620257521e-05 2.051541660179317449e-24 1.153666655868625563e-09 2.656415644087389158e-09 1.769291065550660737e-10 1.136636430793228064e+05 7.535199633635691833e+10 1.781285660669678691e+03
6.309573444802923750e+14 2.956078222408224931e-01 1.218721628009148406e+00 -1.424922392729871312e+00 1.737614035145877497e-05 8.633749434070885155e-25 5.447527615829593013e-10 1.254339588188261735e-09 7.916022574817520464e-11 5.653246634951108717e+04 7.535205346753364563e+10 2.328972311265203643e+03
7.079457843842502500e+14 2.867599710749825226e-01 1.249109750865853519e+00 -1.407977629636269601e+00 8.669743596354647974e-06 3.458594026518356358e-25 2.448497060970220413e-10 5.637872832829763042e-10 3.370705396139444495e-11 2.676832619627618260e+04 7.535208323167379761e+10 3.095706182885421185e+03
7.943282347244088750e+14 2.780846611591674677e-01 1.279829675109573017e+00 -1.390383450988005309e+00 4.100681019704693554e-06 1.313779812092621818e-25 1.043572398956097923e-10 2.402914249296346340e-10 1.360508625607925647e-11 1.201829884944120568e+04 7.535209798170115662e+10 4.188895891859514450e+03
8.912509381338898750e+14 2.695817908132511209e-01 1.310883443718890096e+00 -1.372605152139057871e+00 1.830370667052913601e-06 4.709514642705655407e-26 4.197359343466706659e-11 9.664777054205714456e-11 5.181606369286997227e-12 5.093106860743064317e+03 7.535210490689314270e+10 5.778900195368548339e+03
