# [1] m:            [M_sun/h] 
# [2] sigma 
# [3] ln(1/sigma) 
# [4] n_eff 
# [5] f(sigma) 
# [6] dn/dm:        [h^4/(Mpc^3*M_sun)] 
# [7] dn/dlnm:      [h^3/Mpc^3] 
# [8] dn/dlog10m:   [h^3/Mpc^3] 
# [9] n(>m):        [h^3/Mpc^3] 
# [11] rho(>m):     [M_sun*h^2/Mpc^3] 
# [11] rho(<m):     [M_sun*h^2/Mpc^3] 
# [12] Lbox(N=1):   [Mpc/h]
1.000000000000000000e+10 1.379371332145349793e+00 -3.216278389553510197e-01 -2.361242218390441128e+00 3.090763978550398194e-01 2.479397811461661893e-11 2.479397811461661882e-01 5.709024440273684498e-01 2.465568966738027612e-01 1.325526858648933411e+10 6.209684141351066589e+10 1.594756135315246848e+00
1.122018454301965332e+10 1.362505238504236882e+00 -3.093250923216228077e-01 -2.356394020342361451e+00 3.076864956182204791e-01 1.975480164545587113e-11 2.216525200727631761e-01 5.103737885441079758e-01 2.195249908595159616e-01 1.296938077314786911e+10 6.238272922685212708e+10 1.657697735046022025e+00
1.258925411794171333e+10 1.345719203270268061e+00 -2.969285937610880444e-01 -2.351505963623462314e+00 3.061950212278431449e-01 1.573433088225153394e-11 1.980834898524425902e-01 4.561040909024716705e-01 1.953630438733515717e-01 1.268266831319814491e+10 6.266944168680185699e+10 1.723399101780374254e+00
1.412537544622761154e+10 1.329013833765061880e+00 -2.844371888304788043e-01 -2.346529688066314456e+00 3.045985846096391225e-01 1.252846633122507385e-11 1.769692906939759891e-01 4.074868506696790460e-01 1.737732703340479079e-01 1.239522043670529366e+10 6.295688956329470825e+10 1.792004139445160238e+00
1.584893192461123848e+10 1.312389939289699825e+00 -2.718498561882730646e-01 -2.341474016061691366e+00 3.028937839677678934e-01 9.972578054283238942e-12 1.580547106952070457e-01 3.639344207242703466e-01 1.544877385491992550e-01 1.210712352135049820e+10 6.324498647864950562e+10 1.863668485485447501e+00
1.778279410038937378e+10 1.295848092654958483e+00 -2.591653786025722717e-01 -2.336369787180621493e+00 3.010771715662290404e-01 7.935022173840267227e-12 1.411068654994255545e-01 3.249105650180931226e-01 1.372666139056402390e-01 1.181847878290450668e+10 6.353363121709548950e+10 1.938556038346940458e+00
1.995262314968899155e+10 1.279388711018003333e+00 -2.463823943416991735e-01 -2.331230172041795168e+00 2.991452641634004816e-01 6.311069614034564899e-12 1.259223936802848220e-01 2.899470265623514953e-01 1.218951741161291846e-01 1.152940324707627296e+10 6.382270675292372894e+10 2.016838683589212700e+00
2.238721138568365097e+10 1.263012306105883553e+00 -2.334995868726544299e-01 -2.326009928735548904e+00 2.970945793454268236e-01 5.017557918227235675e-12 1.123291297552639345e-01 2.586473796834646288e-01 1.081803139599838426e-01 1.124001331413381577e+10 6.411209668586618042e+10 2.098701087182472058e+00
2.511886431509613037e+10 1.246719704947517382e+00 -2.205158659289060130e-01 -2.320692310577221917e+00 2.949216807969577414e-01 3.987653356848426799e-12 1.001653236063132502e-01 2.306391809708215057e-01 9.594814994362674265e-02 1.095041861773686981e+10 6.440169138226313019e+10 2.184344490943450623e+00
2.818382931264495468e+10 1.230511577577072746e+00 -2.074299996442659222e-01 -2.315317312196524036e+00 2.926231354317680444e-01 3.167686354588914219e-12 8.927753153372848527e-02 2.055691132488690620e-01 8.504294258813452356e-02 1.066074064042914963e+10 6.469136935957084656e+10 2.273983139991001323e+00
3.162277660168431091e+10 1.214388389253854950e+00 -1.942405667224283705e-01 -2.309902960356768453e+00 2.901955139862253952e-01 2.515040751971966050e-12 7.953257184374160071e-02 1.831305143348773978e-01 7.532545189854089607e-02 1.037112013684111977e+10 6.498098986315888214e+10 2.367842173009381046e+00
3.548133892335818481e+10 1.198350581860954334e+00 -1.809460961656679800e-01 -2.304421799754767353e+00 2.876354274336955785e-01 1.995871175761206020e-12 7.081618163454474202e-02 1.630602841744614451e-01 6.667068193580746871e-02 1.008170282305370712e+10 6.527040717694628906e+10 2.466162563792254403e+00
3.981071705535050964e+10 1.182398940590013936e+00 -1.675453752286637510e-01 -2.298830311591653519e+00 2.849396066488424917e-01 1.583142913211538625e-12 6.302605457604788797e-02 1.451228537370370386e-01 5.896610348802003992e-02 9.792626771150623322e+09 6.555948322884938049e+10 2.569207551851067084e+00
4.466835921509725952e+10 1.166534242965307167e+00 -1.540371673552246579e-01 -2.293167586774802480e+00 2.821048735535707785e-01 1.255079433987070787e-12 5.606233900081542681e-02 1.290883060616563049e-01 5.211082449305273756e-02 9.504036578800107956e+09 6.584807342119989014e+10 2.677260836748154293e+00
5.011872336272837830e+10 1.150757009141316400e+00 -1.404199946298089474e-01 -2.287456520659270076e+00 2.791281139503617448e-01 9.943954276197511449e-13 4.983782935003629871e-02 1.147558429285747278e-01 4.601472076829699054e-02 9.216097099509498596e+09 6.613601290049050140e+10 2.790622359825517762e+00
5.623413251903628540e+10 1.135067658525251266e+00 -1.266922601921624536e-01 -2.281693329055031860e+00 2.760063195667297187e-01 7.873595386958535828e-13 4.427648063914990662e-02 1.019503642899460549e-01 4.059706558783399144e-02 8.928984433463529587e+09 6.642312556653646851e+10 2.909612266003584136e+00
6.309573444802097321e+10 1.119466886137074679e+00 -1.128525774651807784e-01 -2.275816282555898518e+00 2.727366882894324274e-01 6.230694908631444083e-13 3.931302713816459127e-02 9.052159024880816751e-02 3.578526672436515427e-02 8.642869020563625336e+09 6.670924097943637085e+10 3.034579925143595869e+00
7.079457843841575623e+10 1.103955555216056261e+00 -9.889968908805954473e-02 -2.269846482924974485e+00 2.693166416767608373e-01 4.927442207425894307e-13 3.488361938543729779e-02 8.032250198658603957e-02 3.151416441848031713e-02 8.357920923378363609e+09 6.699418907662163544e+10 3.165906378293817713e+00
7.943282347243049622e+10 1.088534256353872909e+00 -8.483207235377947242e-02 -2.263819168787725378e+00 2.657437594062331820e-01 3.893962341000459863e-13 3.093084232409817197e-02 7.122089644921776597e-02 2.772557945758523726e-02 8.074329059316911697e+09 6.727778094068309021e+10 3.303998104390566404e+00
8.912509381337731934e+10 1.073203430532496228e+00 -7.064803610959788371e-02 -2.257748934562117782e+00 2.620158263376068941e-01 3.074839996685620523e-13 2.740454031657307485e-02 6.310128601329549614e-02 2.436752489602242097e-02 7.792299436044945717e+09 6.755981056395505524e+10 3.449288553340156938e+00
1.000000000000032654e+11 1.057963662617217304e+00 -5.634598749394597456e-02 -2.251571783921746839e+00 2.581309339697032135e-01 2.426243430680983982e-13 2.426243430681063185e-02 5.586631955460948790e-02 2.139333475682480765e-02 7.512035936266426086e+09 6.784007406373357391e+10 3.602249897620210195e+00
1.122018454302001953e+11 1.042815851753460699e+00 -4.192460410615042599e-02 -2.245277647506623175e+00 2.540875714201669133e-01 1.912999261442721869e-13 2.146420474404834092e-02 4.942315787661778759e-02 1.876109782104413634e-02 7.233735899361282349e+09 6.811837410063871765e+10 3.763401763135246547e+00
1.258925411794212494e+11 1.027760683626283811e+00 -2.738234190239918764e-02 -2.238916054641925779e+00 2.498845326916123710e-01 1.507009893315973876e-13 1.897213050520764679e-02 4.368494488362872213e-02 1.643339525203798418e-02 6.957611443275592804e+09 6.839449855672441101e+10 3.933304476310634179e+00
1.412537544622807312e+11 1.012798644932292103e+00 -1.271743446482994158e-02 -2.232509641017609514e+00 2.455209489861691352e-01 1.186057243645086166e-13 1.675350386720524803e-02 3.857636826004490205e-02 1.437686242344615208e-02 6.683894803952246666e+09 6.866821519604775238e+10 4.112557290984728553e+00
1.584893192461175842e+11 9.979302276246105885e-01 2.071917314433752415e-03 -2.226013176835671903e+00 2.409963826076629567e-01 9.325846403100767086e-14 1.478047047821294882e-02 3.403329099057171570e-02 1.256162094218074392e-02 6.412820554675956726e+09 6.893928944532403564e+10 4.301812118305802457e+00
1.778279410038995667e+11 9.831562998912913853e-01 1.698716853330507065e-02 -2.219379298806380962e+00 2.363109922665656004e-01 7.326020935158779735e-14 1.302771218650748686e-02 2.999741587646900798e-02 1.096085327050473276e-02 6.144613259137185097e+09 6.920749674086280823e+10 4.501789791357177606e+00
1.995262314968964539e+11 9.684776594874686673e-01 3.202986352816961785e-02 -2.212663680638319974e+00 2.314654541989726033e-01 5.748977853940857698e-14 1.147071886155934597e-02 2.641230625655218225e-02 9.550610217179209688e-03 5.879505093305638313e+09 6.947260490669436646e+10 4.713276952844848822e+00
2.238721138568438416e+11 9.538948432797443866e-01 4.720184077939084538e-02 -2.205892214620130964e+00 2.264609400968126962e-01 4.506267069798582483e-14 1.008827534519294265e-02 2.322911242386063377e-02 8.309574750168894144e-03 5.617747632459146500e+09 6.973436236754084778e+10 4.937120574299762588e+00
2.511886431509695129e+11 9.394082974595440172e-01 6.250507270572119856e-02 -2.199051416742817011e+00 2.212992121543781165e-01 3.528000782812091670e-14 8.861937296701276681e-03 2.040536471443231414e-02 7.218712821711575044e-03 5.359598973034976006e+09 6.999251102696502686e+10 5.174242097504830440e+00
2.818382931264587402e+11 9.250187994513121570e-01 7.794121794508782064e-02 -2.192064598518336904e+00 2.159828271907563157e-01 2.758925843621638018e-14 7.775709506287977260e-03 1.790423279663078820e-02 6.260972883935001648e-03 5.105306615865974426e+09 7.024680338413403320e+10 5.425661881144905330e+00
3.162277660168534546e+11 9.107272468407524579e-01 9.351182628695493826e-02 -2.184970324783294338e+00 2.105151284635007614e-01 2.154769901813237303e-14 6.813980723307547401e-03 1.568977043743674527e-02 5.421122803083316434e-03 4.855115629218748093e+09 7.049699437078125000e+10 5.692507151449277103e+00
3.548133892335934448e+11 8.965342372265592275e-01 1.092187967871244975e-01 -2.177808719088067058e+00 2.049001368104048926e-01 1.680580355738894417e-14 5.962924118991152524e-03 1.373014018704368268e-02 4.685625037471308728e-03 4.609286163489618301e+09 7.074282383651037598e+10 5.976003219507762587e+00
3.981071705535180664e+11 8.824402218017672883e-01 1.250642298040699207e-01 -2.170594329757697949e+00 1.991426466499230385e-01 1.308806497285832923e-14 5.210452514365237001e-03 1.199751028733074022e-02 4.042433775611951191e-03 4.368087852274786949e+09 7.098402214772521973e+10 6.277485169499620987e+00
4.466835921509872437e+11 8.684458526743349394e-01 1.410500410426749618e-01 -2.163238674851545085e+00 1.932484159348395181e-01 1.017798271998459599e-14 4.546337882213395340e-03 1.046832983529868456e-02 3.480787772546217913e-03 4.131779701054074764e+09 7.122033029894592285e+10 6.598433109075389602e+00
5.011872336273001709e+11 8.545520783661180175e-01 1.571778322729535660e-01 -2.155743601142432020e+00 1.872242695923014844e-01 7.902794217970404468e-15 3.960779572030410228e-03 9.120031999192559219e-03 2.991078726683939031e-03 3.900607831481067181e+09 7.145150216851893616e+10 6.940499362376495895e+00
5.623413251903812256e+11 8.407595810355715793e-01 1.734495326068010435e-01 -2.148169567832409310e+00 1.810779086079702671e-01 6.125799651996130015e-15 3.444790294154280019e-03 7.931922779810219107e-03 2.564779857208871264e-03 3.674825542091717720e+09 7.167728445790827942e+10 7.305500395232899180e+00
6.309573444802304688e+11 8.270688470379136126e-01 1.898673382845107172e-01 -2.140545856440082328e+00 1.748179676469851507e-01 4.739722814104630960e-15 2.990562920359823070e-03 6.886025600081269009e-03 2.194331147711585470e-03 3.454694632242808342e+09 7.189741536775718689e+10 7.695425015108972033e+00
7.079457843841807861e+11 8.134804068136748390e-01 2.064334376608200905e-01 -2.132800666107843135e+00 1.684541538159780305e-01 3.660537224181095154e-15 2.591461896440377423e-03 5.967061531805693299e-03 1.873003969414412714e-03 3.240466020161483765e+09 7.211164397983851624e+10 8.112482396300315202e+00
7.943282347243309326e+11 7.999951892849291868e-01 2.231495647261287907e-01 -2.124885408527031228e+00 1.619974505172896151e-01 2.821741805409208229e-15 2.241389187138542825e-03 5.160989329903250926e-03 1.594802697871690322e-03 3.032369130150084496e+09 7.231974086984991455e+10 8.559157396014706265e+00
8.912509381338023682e+11 7.866139844828977656e-01 2.400176407507786935e-01 -2.116876485201855118e+00 1.554598929617811154e-01 2.170620901606996037e-15 1.934567914890075041e-03 4.454507242210460800e-03 1.354415283568848613e-03 2.830629047590158939e+09 7.252148095240983582e+10 9.038216040482021540e+00
1.000000000000065430e+12 7.733373209084939415e-01 2.570399466559945556e-01 -2.108806190309739037e+00 1.488545094905193711e-01 1.666012765018432054e-15 1.666012765018541055e-03 3.836136157469484907e-03 1.147149198576850795e-03 2.635473549689819336e+09 7.271663645031018066e+10 9.552712294102459367e+00
1.122018454302038818e+12 7.601656497489097664e-01 2.742189092556990282e-01 -2.100643271054760675e+00 1.421954033858265354e-01 1.275738650836719662e-15 1.431402309105184612e-03 3.295925619022853706e-03 9.688476541645431751e-04 2.447117911539313793e+09 7.290499208846069336e+10 1.010605139745825731e+01
1.258925411794253662e+12 7.470998072555941061e-01 2.915564919905176411e-01 -2.092293200259695674e+00 1.354979757174539778e-01 9.745913744871655438e-16 1.226937847457382474e-03 2.825128797585571474e-03 8.158212937493332286e-04 2.265750016453746319e+09 7.308635998354624939e+10 1.070208315513276354e+01
1.412537544622853760e+12 7.341406896560952466e-01 3.090545934541973350e-01 -2.083820321445344792e+00 1.287787388489591289e-01 7.426240157342575236e-16 1.048984303763231566e-03 2.415375620629954968e-03 6.848086832939455880e-04 2.091539136869277954e+09 7.326057086313072205e+10 1.134515012740422790e+01
1.584893192461227539e+12 7.212888705717926952e-01 3.267155692715812410e-01 -2.075271323865898410e+00 1.220550676423027281e-01 5.643055331861492519e-16 8.943639980149312380e-04 2.059349209539736939e-03 5.729405625397037023e-04 1.924647704579116821e+09 7.342746229542088318e+10 1.204010136633078609e+01
1.778279410039053711e+12 7.085447776405794373e-01 3.445420212266289139e-01 -2.066657218336124480e+00 1.153452189228347802e-01 4.275480580743433661e-16 7.602999084757864397e-04 1.750655235461083406e-03 4.776904514146835352e-04 1.765222637019181013e+09 7.358688736298081970e+10 1.279237395757636087e+01
1.995262314969029785e+12 6.959091040998208744e-01 3.625362247340496724e-01 -2.057856871990215719e+00 1.086684622087973479e-01 3.229717773826636709e-16 6.444134162101956874e-04 1.483816725890964305e-03 3.968286523808827165e-04 1.613378693149469376e+09 7.373873130685052490e+10 1.360814701826324935e+01
2.238721138568511719e+12 6.833828078567150133e-01 3.807000963971382546e-01 -2.048891927815502889e+00 1.020449724994645785e-01 2.432011633667072035e-16 5.444595853535014142e-04 1.253664524972691657e-03 3.283916211092916372e-04 1.469198471443950176e+09 7.388291152855604553e+10 1.449448016003382023e+01
2.511886431509777344e+12 6.709665288624871993e-01 3.990360257248398712e-01 -2.039837226284765492e+00 9.549538682776340104e-02 1.825035950299709961e-16 4.584283040575393826e-04 1.055570179129432023e-03 2.706607535067387621e-04 1.332746529364166260e+09 7.401936347063583374e+10 1.545936215356110921e+01
2.818382931264679688e+12 6.586607095241777676e-01 4.175467336280024866e-01 -2.030730595398965388e+00 8.904070976366572354e-02 1.364511766235840033e-16 3.845716671468912265e-04 8.855089879602998527e-04 2.221337743294956874e-04 1.204067133673908472e+09 7.414804286632609558e+10 1.651182718965555551e+01
3.162277660168638184e+12 6.464658856865310721e-01 4.362348498554025622e-01 -2.021460078550125772e+00 8.270228589647843354e-02 1.016342833964165231e-16 3.213958238917363373e-04 7.400412330436517434e-04 1.814950188043970819e-04 1.083169151773749828e+09 7.426894084822625732e+10 1.766221213425745162e+01
3.548133892336050781e+12 6.343830031943210601e-01 4.551024009587429919e-01 -2.011980445376550186e+00 7.650175257502279946e-02 7.540169211151714543e-17 2.675352993203618506e-04 6.160227920647652622e-04 1.475934181766868085e-04 9.700204716278984547e+08 7.438208952837210083e+10 1.892246321777053808e+01
3.981071705535311035e+12 6.224127940307785378e-01 4.741517503671782707e-01 -2.002395340471074370e+00 7.046047789467048406e-02 5.569910552522695448e-17 2.217421330301065489e-04 5.105801300038260169e-04 1.194283451249721485e-04 8.645607852293176651e+08 7.448754921477067566e+10 2.030630298257790756e+01
4.466835921510018555e+12 6.105557261566981753e-01 4.933857100611498403e-01 -1.992749667171835659e+00 6.459928700797026857e-02 4.095522457603870660e-17 1.829402683097596167e-04 4.212355347183835592e-04 9.613295350691701210e-05 7.667046320577348471e+08 7.458540536794226074e+10 2.182943883491053683e+01
5.011872336273166016e+12 5.988122093191177164e-01 5.128072370000446023e-01 -1.982980207159383390e+00 5.893830020962766147e-02 2.996892598463568941e-17 1.502004310902136752e-04 3.458492735896054131e-04 7.695583329921737317e-05 6.763310714397234917e+08 7.467577892856027222e+10 2.351001023891291553e+01
5.623413251903997070e+12 5.871830906244237536e-01 5.324185987169935963e-01 -1.972970433196489015e+00 5.349687706715467589e-02 2.182004010195704409e-17 1.227031026664218802e-04 2.825343350638210107e-04 6.124624308288177492e-05 5.932770781712316275e+08 7.475883292182876587e+10 2.536920446854940181e+01
6.309573444802510742e+12 5.756692034315059603e-01 5.522220828575057361e-01 -1.962824348795574769e+00 4.829308096968873421e-02 1.580088431022094895e-17 9.969684004816673189e-05 2.295604577135205049e-04 4.844387326344829869e-05 5.173461808741891384e+08 7.483476381912580872e+10 2.743176259510397230e+01
7.079457843842039062e+12 5.642710372464853075e-01 5.722205804234846704e-01 -1.952598848538808385e+00 4.334322877128649054e-02 1.137570901871114021e-17 8.053385244177920215e-05 1.854360481138229348e-04 3.806896061776475878e-05 4.483157995412791371e+08 7.490379420045872498e+10 2.972644627615765245e+01
7.943282347243568359e+12 5.529889333691542230e-01 5.924172896507243768e-01 -1.942294091980417914e+00 3.866169623963098406e-02 8.139355210645720741e-18 6.465319656266710921e-05 1.488694866196111841e-04 2.971132224942894104e-05 3.859333232797983289e+08 7.496617667672019958e+10 3.228687458659550202e+01
8.912509381338316406e+12 5.418235708105360038e-01 6.128148456437463309e-01 -1.931743109399048919e+00 3.426082844499960672e-02 5.786523624679851325e-18 5.157244609029497281e-05 1.187499455767522717e-04 2.302083644451988209e-05 3.299115140524238348e+08 7.502219848594757080e+10 3.515277654961648324e+01
1.000000000000098242e+13 5.307758473180523850e-01 6.334154799744744491e-01 -1.921001459352838392e+00 3.015058877111370314e-02 4.085646823627075291e-18 4.085646823627476864e-05 9.407549471323101609e-05 1.770020043727032056e-05 2.799336402744585276e+08 7.507217635972554016e+10 3.837136703915187042e+01
1.122018454302075391e+13 5.198462888218526867e-01 6.542221095240025042e-01 -1.910164244027256819e+00 2.633809074678122517e-02 2.863449376666696772e-18 3.212843043579808304e-05 7.397844498276485764e-05 1.349885194487044134e-05 2.356634714733403921e+08 7.511644652852665710e+10 4.199855889841777667e+01
1.258925411794294922e+13 5.090352154572006516e-01 6.752380792507576279e-01 -1.899279923609984211e+00 2.282749245599417082e-02 1.991036690494873198e-18 2.506566685478808267e-05 5.771583084578999347e-05 1.020649504915658395e-05 1.967471948218857944e+08 7.515536280517811584e+10 4.610072870527491773e+01
1.412537544622899805e+13 4.983431026471109027e-01 6.964664780434797198e-01 -1.888173228701517825e+00 1.961997898386269590e-02 1.373029386494685846e-18 1.939455558294289993e-05 4.465761457052876805e-05 7.647158913748625250e-06 1.628120739846968055e+08 7.518929792601530457e+10 5.075746941297819603e+01
1.584893192461279492e+13 4.877708366454168165e-01 7.179095804622902532e-01 -1.876812091197138654e+00 1.671372571336761370e-02 9.385768925832220101e-19 1.487544127656610190e-05 3.425196933512942438e-05 5.674419316107178909e-06 1.334705064192445278e+08 7.521863949358074951e+10 5.606513319651779170e+01
1.778279410039111719e+13 4.773190067266414593e-01 7.395702344209151846e-01 -1.865338096154870229e+00 1.410366501497329651e-02 6.355396133508351798e-19 1.130167008686008303e-05 2.602305706794075051e-05 4.167543656030430805e-06 1.083300115197868943e+08 7.524377998848020935e+10 6.214029071499347623e+01
1.995262314969094922e+13 4.669879295267573283e-01 7.614518684850537511e-01 -1.853819009838097998e+00 1.178159398495436105e-02 4.259919779927168256e-19 8.499657401680118401e-06 1.957118442866514593e-05 3.027687618615287714e-06 8.699853318978264928e+07 7.526511146681021118e+10 6.912412470896576622e+01
2.238721138568585156e+13 4.567778916017191659e-01 7.835580202316322351e-01 -1.842133765290813630e+00 9.736401948794926736e-03 2.824886814291534674e-19 6.324133825218128272e-06 1.456185627204667581e-05 2.174361601097495855e-06 6.908613763906924427e+07 7.528302386236093140e+10 7.718911768113495953e+01
2.511886431509859375e+13 4.466896683298492987e-01 8.058911797703199875e-01 -1.830139079012676806e+00 7.954390581756020512e-03 1.852189054289066829e-19 4.652488554059784977e-06 1.071275078990348372e-05 1.542496424548744577e-06 5.420885043748592585e+07 7.529790114956251526e+10 8.654831385687110412e+01
2.818382931264771875e+13 4.367239313531209310e-01 8.284540195498832915e-01 -1.818001864463417938e+00 6.419446210855524540e-03 1.199660952165669093e-19 3.381103950888565775e-06 7.785279555179284135e-06 1.080045665921677287e-06 4.199607234579923004e+07 7.531011392765420532e+10 9.746588423465578899e+01
3.162277660168741406e+13 4.268809861309656450e-01 8.512500256081950711e-01 -1.805796945060493597e+00 5.113409325413363106e-03 7.668896993131189825e-20 2.425118163951399483e-06 5.584040933063582914e-06 7.458126537156070716e-07 3.209602561841510609e+07 7.532001397438159180e+10 1.102698416303360744e+02
3.548133892336166406e+13 4.171609859855583413e-01 8.742830741650412518e-01 -1.793498771606791165e+00 4.016584622240746034e-03 4.834247230723319377e-20 1.715255644326166497e-06 3.949522077299328297e-06 5.074735784565352866e-07 2.417809535914252326e+07 7.532793190464085388e+10 1.253705472059967576e+02
3.981071705535441406e+13 4.075645033390639105e-01 8.975560684252126276e-01 -1.780871468003964342e+00 3.108297179609788297e-03 3.002729407490200525e-20 1.195408108353843779e-06 2.752528890339771903e-06 3.399223042655584699e-07 1.793523335289349407e+07 7.533417476664710999e+10 1.432869964882648901e+02
4.466835921510164844e+13 3.980922668002699893e-01 9.210714744338929227e-01 -1.768032062653559056e+00 2.367358706426256430e-03 1.835725077214847742e-20 8.199882716920302596e-07 1.888092770828020450e-06 2.239067627363641799e-07 1.308727947892381810e+07 7.533902272052107239e+10 1.646812910315599652e+02
5.011872336273329688e+13 3.887445752048280245e-01 9.448327700430914078e-01 -1.755105281829405950e+00 1.772552371198367772e-03 1.103254906023271435e-20 5.529372743355866564e-07 1.273185125245881044e-06 1.448748153345169972e-07 9.383568998910637572e+06 7.534272643100108337e+10 1.904009166429848392e+02
5.623413251904180469e+13 3.795215058563498056e-01 9.688440148288873788e-01 -1.742152188283396130e+00 1.303179441659762811e-03 6.509932510371795654e-21 3.660804074782660368e-07 8.429312890966413858e-07 9.197190497595416146e-08 6.603270926479335874e+06 7.534550672907351685e+10 2.215380214325357997e+02
6.309573444802717188e+13 3.704233695276872851e-01 9.931086855230305543e-01 -1.728892908765664371e+00 9.395462749616813325e-04 3.767423861296826818e-21 2.377083755055457487e-07 5.473437619189006892e-07 5.721502870056574590e-08 4.554856764746183529e+06 7.534755514323526001e+10 2.595154948384380873e+02
7.079457843842270312e+13 3.614508762972202249e-01 1.017629135144745067e+00 -1.715328633315662765e+00 6.633494081017530554e-04 2.135396654279514156e-21 1.511745059385364671e-07 3.480921638148139316e-07 3.482913055722297567e-08 3.075404398526007310e+06 7.534903459560147095e+10 3.062098256744918672e+02
7.943282347243828125e+13 3.526043457409842596e-01 1.042408684247510209e+00 -1.701658795623586906e+00 4.579572893741689884e-04 1.183471990364007154e-21 9.400652169515935630e-08 2.164580154994952958e-07 2.071537607436530190e-08 2.029481665292165242e+06 7.535008051833470154e+10 3.641126152336586870e+02
8.912509381338607812e+13 3.438838074344415796e-01 1.067451447751490479e+00 -1.687989943553975358e+00 3.086431442944733892e-04 6.402328680890714572e-22 5.706081443085173013e-08 1.313873807025787168e-07 1.201924116931348765e-08 1.306887066157715162e+06 7.535080311293383789e+10 4.365570273087888040e+02
1.000000000000130938e+14 3.352893030253748519e-01 1.092761528716813535e+00 -1.674094231055354154e+00 2.027076292488184657e-04 3.375413026629417975e-22 3.375413026629859642e-08 7.772175717815829734e-08 6.791512722295084129e-09 8.198348574369860580e+05 7.535129016514256287e+10 5.280533803797437713e+02
1.122018454302112188e+14 3.268214139397654927e-01 1.118341392011559021e+00 -1.659798262454547757e+00 1.294934670743926465e-04 1.731259633523695945e-22 1.942505258001898623e-08 4.472783650137724684e-08 3.730272880306708429e-09 5.000668195526839700e+05 7.535160993318045044e+10 6.447922353931336374e+02
1.258925411794336094e+14 3.184805085368380140e-01 1.144194003529110715e+00 -1.645370286367844326e+00 8.029756134744054329e-05 8.619203229683718084e-23 1.085093397526864583e-08 2.498519881651620832e-08 1.987446997359379825e-09 2.959669203416875680e+05 7.535181403307965088e+10 7.953680625287903467e+02
1.412537544622946250e+14 3.102665640147691528e-01 1.170323467072715395e+00 -1.630922551206853921e+00 4.822402135991014232e-05 4.155617891339359162e-23 5.869966292623683689e-09 1.351609688177281995e-08 1.024914604902158047e-09 1.696006803139099502e+05 7.535194039931968689e+10 9.918304546625575995e+02
1.584893192461331250e+14 3.021794033047442429e-01 1.196734387307561986e+00 -1.616369095321699367e+00 2.798174887017389559e-05 1.935705463689827185e-23 3.067886412012211732e-09 7.064069519298308395e-09 5.104104448753820515e-10 9.388120532772348088e+04 7.535201611879467773e+10 1.251296267126069324e+03
1.778279410039170000e+14 2.942193644408450659e-01 1.223429652311799121e+00 -1.601365176112144129e+00 1.564613691707334372e-05 8.690717463645114401e-24 1.545452392406794665e-09 3.558535640687870176e-09 2.448453158757287246e-10 5.007153944788550871e+04 7.535205992846055603e+10 1.598463534928112040e+03
1.995262314969160312e+14 2.863868584599817413e-01 1.250411730213834449e+00 -1.586144212245938157e+00 8.406987594477746735e-06 3.749640989494126882e-24 7.481517361001304877e-10 1.722683034841775927e-09 1.128148489874881407e-10 2.565835144842990121e+04 7.535208434164854431e+10 2.069559472767256921e+03
2.238721138568658125e+14 2.786818034918477349e-01 1.277684637290105174e+00 -1.570877599994942475e+00 4.327486605957990955e-06 1.549706041914558941e-24 3.469359674601689995e-10 7.988495868972524713e-10 4.977653344401270731e-11 1.259433645647940830e+04 7.535209740566354370e+10 2.718473584627705350e+03
2.511886431509941875e+14 2.711038728402630493e-01 1.305253236927534477e+00 -1.555635171569603958e+00 2.126810500062934639e-06 6.114343981663797518e-25 1.535853768512576456e-10 3.536433992395786833e-10 2.096420879059204606e-11 5.902552674312761155e+03 7.535210409744732666e+10 3.626662774445716423e+03
2.818382931264864375e+14 2.636530755679216687e-01 1.333121147729788625e+00 -1.539957622931715120e+00 9.943553362915408396e-07 2.295362263492170033e-25 6.469209824495815925e-11 1.489590610533469353e-10 8.399147283268960525e-12 2.632213346130412901e+03 7.535210736778665161e+10 4.919507205779366814e+03
3.162277660168845000e+14 2.563297953610064184e-01 1.361290400472599194e+00 -1.523921678387713641e+00 4.405335353010112102e-07 8.166435643062859745e-26 2.582453699726427746e-11 5.946319392337394572e-11 3.188590908850960955e-12 1.112556333940001650e+03 7.535210888744366455e+10 6.794128117752096841e+03
3.548133892336283125e+14 2.491339191180985124e-01 1.389764699311427432e+00 -1.507821944126108704e+00 1.841521644017382039e-07 2.741205812577414264e-26 9.726165249475145450e-12 2.239532311543818524e-11 1.142127982880666769e-12 4.438044971353002097e+02 7.535210955619549561e+10 9.566690910744320718e+03
3.981071705535571875e+14 2.420650173699676611e-01 1.418548922091869002e+00 -1.491831202919642774e+00 7.229177196651225120e-08 8.639388197840831484e-27 3.439402390756208831e-12 7.919516673763329303e-12 3.842569881506320760e-13 1.663300753174393662e+02 7.535210983366992188e+10 1.375496243107728696e+04
4.466835921510310625e+14 2.351227381269589412e-01 1.447647611281923208e+00 -1.475514748585351033e+00 2.651481370468321674e-08 2.544227688764441346e-27 1.136464763267416115e-12 2.616806822612559872e-12 1.208489007412359776e-13 5.828754915160129002e+01 7.535210994171244812e+10 2.022642360750167427e+04
5.011872336273493750e+14 2.283073231288104410e-01 1.477062649181114518e+00 -1.458672034742397816e+00 9.036295512660140437e-09 6.963533204462115219e-28 3.490033943016558760e-13 8.036100131233159860e-13 3.533847984783945347e-14 1.899645537954103958e+01 7.535210998100354004e+10 3.047315206172281250e+04
5.623413251904365000e+14 2.216186682900865290e-01 1.506797084470955284e+00 -1.441743193259520606e+00 2.844308418487958577e-09 1.760191367878682792e-28 9.898283464016656237e-14 2.279163995047422125e-13 9.550319532138113049e-15 5.723308141475039079e+00 7.535210999427668762e+10 4.713324772019898228e+04
6.309573444802923750e+14 2.150562479160887386e-01 1.536855666856185687e+00 -1.424922392729871312e+00 8.214114187987153516e-10 4.081378389417411507e-29 2.575175670406062678e-14 5.929561110517947940e-14 2.370019266890101990e-15 1.583812855165310562e+00 7.535210999841618347e+10 7.500370341022823413e+04
7.079457843842502500e+14 2.086193895832419432e-01 1.567243789712890800e+00 -1.407977629636269601e+00 2.160599740343098744e-10 8.619213789424821756e-30 6.101936066929901491e-15 1.405022702611550935e-14 5.363733136077351201e-16 3.998178472893075819e-01 7.535210999960018921e+10 1.230772014524262340e+05
7.943282347244088750e+14 2.023080559187203087e-01 1.597963713956610299e+00 -1.390383450988005309e+00 5.135882917492902838e-11 1.645438711728775584e-30 1.307018427234723801e-15 3.009521146819198279e-15 1.098796092843693424e-16 9.138418197183870162e-02 7.535210999990861511e+10 2.087825981875463331e+05
8.912509381338898750e+14 1.961221729496963884e-01 1.629017482565927599e+00 -1.372605152139057871e+00 1.093885667326813240e-11 2.814550440767387088e-31 2.508470720759086813e-16 5.775967287831902926e-16 2.020166239431000900e-17 1.875090081409509779e-02 7.535210999998124695e+10 3.671731908423737623e+05
