# [1] m:            [M_sun/h] 
# [2] sigma 
# [3] ln(1/sigma) 
# [4] n_eff 
# [5] f(sigma) 
# [6] dn/dm:        [h^4/(Mpc^3*M_sun)] 
# [7] dn/dlnm:      [h^3/Mpc^3] 
# [8] dn/dlog10m:   [h^3/Mpc^3] 
# [9] n(>m):        [h^3/Mpc^3] 
# [11] rho(>m):     [M_sun*h^2/Mpc^3] 
# [11] rho(<m):     [M_sun*h^2/Mpc^3] 
# [12] Lbox(N=1):   [Mpc/h]
1.000000000000000000e+10 1.211358361546093887e+00 -1.917423427980557704e-01 -2.361242218390441128e+00 2.897231148920829669e-01 2.324146592811641345e-11 2.324146592811641432e-01 5.351545298540988371e-01 2.219932098483458072e-01 1.031653921492864609e+10 6.503557078507135010e+10 1.651531151052056057e+00
1.122018454301965332e+10 1.196546625878798675e+00 -1.794395961643274195e-01 -2.356394020342361451e+00 2.873381435115017202e-01 1.844834957360771569e-11 2.069938867300165075e-01 4.766210379254340879e-01 1.966988206538576034e-01 1.004905618239989853e+10 6.530305381760009766e+10 1.719489050599112501e+00
1.258925411794171333e+10 1.181805197182981271e+00 -1.670430976037928228e-01 -2.351505963623462314e+00 2.848363106820464563e-01 1.463677868300878511e-11 1.842661263084698353e-01 4.242884355816406439e-01 1.741760838161808267e-01 9.781824908963645935e+09 6.557028509103635406e+10 1.790621629302093787e+00
1.412537544622761154e+10 1.167134608806046359e+00 -1.545516926731835272e-01 -2.346529688066314456e+00 2.822150056083623237e-01 1.160780573048983935e-11 1.639646140500413407e-01 3.775424760901472943e-01 1.541303110243862073e-01 9.514964805050823212e+09 6.583714519494917297e+10 1.865107986379235250e+00
1.584893192461123848e+10 1.152535571472952158e+00 -1.419643600309776210e-01 -2.341474016061691366e+00 2.794717268520728881e-01 9.201422272482828696e-12 1.458327152061819898e-01 3.357922361046007942e-01 1.362969432195175745e-01 9.248592867238161087e+09 6.610351713276184082e+10 1.943142398750851152e+00
1.778279410038937378e+10 1.138008588223821116e+00 -1.292798824452768280e-01 -2.336369787180621493e+00 2.766040287069104209e-01 7.290021657055699784e-12 1.296369541148008619e-01 2.985001180458936032e-01 1.204396343657552909e-01 8.982840006513490677e+09 6.636926999348651123e+10 2.024930820106641161e+00
1.995262314968899155e+10 1.123554025404399859e+00 -1.164968981844037993e-01 -2.331230172041795168e+00 2.736095434806213311e-01 5.772342346115881106e-12 1.151733715230418009e-01 2.651964883788209826e-01 1.063472192051374832e-01 8.717851713228603363e+09 6.663425828677139282e+10 2.110690816492254651e+00
2.238721138568365097e+10 1.109172332411326733e+00 -1.036140907153590418e-01 -2.326009928735548904e+00 2.704860417205683376e-01 4.568172813503307802e-12 1.022686504222317661e-01 2.354822699428500976e-01 9.383025024709576445e-02 8.453772789527737617e+09 6.689833721047225952e+10 2.200657088922985061e+00
2.511886431509613037e+10 1.094864235538074659e+00 -9.063036977161074981e-02 -2.320692310577221917e+00 2.672315010346605346e-01 3.613252810973062339e-12 9.076080709497204302e-02 2.089844814449908494e-01 8.271858146239978449e-02 8.190741684823522568e+09 6.716136831517647552e+10 2.295086053783442548e+00
2.818382931264495468e+10 1.080630323205957755e+00 -7.754450348697064510e-02 -2.315317312196524036e+00 2.638440409950696952e-01 2.856148633519651849e-12 8.049720557866199555e-02 1.853516655931042589e-01 7.286017778644744702e-02 7.928907371341824532e+09 6.742320262865817261e+10 2.394252361558056208e+00
3.162277660168431091e+10 1.066471004003828549e+00 -6.435507056513313506e-02 -2.309902960356768453e+00 2.603219282398787637e-01 2.256135007608333421e-12 7.134525332883766280e-02 1.642785167708654404e-01 6.411942322734824617e-02 7.668435807787034988e+09 6.768367419221296692e+10 2.498446941652463504e+00
3.548133892335818481e+10 1.052386665991641435e+00 -5.106060000837268215e-02 -2.304421799754767353e+00 2.566636332137746113e-01 1.780961239608096876e-12 6.319088935189901002e-02 1.455023998347188541e-01 5.637490031220867420e-02 7.409496737812067032e+09 6.794261326218793488e+10 2.607982889198929843e+00
3.981071705535050964e+10 1.038377998721542461e+00 -3.765987907136844615e-02 -2.298830311591653519e+00 2.528679437078983350e-01 1.404950676277491167e-12 5.593209385000655343e-02 1.287884055189690291e-01 4.951763017836650904e-02 7.152252269441492081e+09 6.819985773055850983e+10 2.723203203764070324e+00
4.466835921509725952e+10 1.024445685012224327e+00 -2.415167119792939118e-02 -2.293167586774802480e+00 2.489339205716623038e-01 1.107502469545016785e-12 4.947031814124411980e-02 1.139096170977016292e-01 4.345017961294976583e-02 6.896869407773999214e+09 6.845524059222599792e+10 2.844479498689795438e+00
5.011872336272837830e+10 1.010590181661263687e+00 -1.053449847251370849e-02 -2.287456520659270076e+00 2.448608608752881055e-01 8.723181517312971053e-13 4.371947213090739831e-02 1.006678048021960037e-01 3.808574406545234964e-02 6.643531968899282455e+09 6.870857803110071564e+10 2.972207906411798106e+00
5.623413251903628540e+10 9.968118569903865467e-01 3.193235965132879429e-03 -2.281693329055031860e+00 2.406483581414382567e-01 6.864943547364964922e-13 3.860441451782244821e-02 8.888994939250090266e-02 3.334680021058494814e-02 6.392432192545215607e+09 6.895967780745478821e+10 3.106814171434495009e+00
6.309573444802097321e+10 9.831113213633317915e-01 1.703291869211471035e-02 -2.275816282555898518e+00 2.362964358486526473e-01 5.398213966019630628e-13 3.406042748935727421e-02 7.842703259799867210e-02 2.916387566082247890e-02 6.143755682142767906e+09 6.920835431785723877e+10 3.248764673092287669e+00
7.079457843841575623e+10 9.694893328733578119e-01 3.098580706923597869e-02 -2.269846482924974485e+00 2.318055635276534410e-01 4.241136049116510100e-13 3.002494386971714738e-02 6.913498817239366323e-02 2.547482514156268474e-02 5.897685843008791924e+09 6.945442415699121094e+10 3.398570338809708602e+00
7.943282347243049622e+10 9.559464101757019217e-01 4.505342380351598508e-02 -2.263819168787725378e+00 2.271765657186615994e-01 3.328834489445154822e-13 2.644187223690352972e-02 6.088466084354719754e-02 2.222433391616417814e-02 5.654420271509449005e+09 6.969768972849055481e+10 3.556780645576372635e+00
8.912509381337731934e+10 9.424829405389599790e-01 5.923746004769735174e-02 -2.257748934562117782e+00 2.224106820552466390e-01 2.610060889957183727e-13 2.326219216760611053e-02 5.356317691549268567e-02 1.936313797218819355e-02 5.414168679396947861e+09 6.993794132060305786e+10 3.723986403307758764e+00
1.000000000000032654e+11 9.290994375894801038e-01 7.353950866334944825e-02 -2.251571783921746839e+00 2.175096917114169026e-01 2.044433235910466738e-13 2.044433235910533483e-02 4.707481492629173730e-02 1.684718817614359182e-02 5.177136062892820358e+09 7.017497393710717773e+10 3.900834494944702246e+00
1.122018454302001953e+11 9.157966909531619626e-01 8.796089205114500376e-02 -2.245277647506623175e+00 2.124760158473817107e-01 1.599710127962882576e-13 1.794904285108171391e-02 4.132919850241210252e-02 1.463708784042600658e-02 4.943518717024045944e+09 7.040859128297595215e+10 4.088039721293022843e+00
1.258925411794212494e+11 9.025753027958676178e-01 1.025031542548961033e-01 -2.238916054641925779e+00 2.073125881184623154e-01 1.250265944587410373e-13 1.573991569141985555e-02 3.624249523604643197e-02 1.269779549696455241e-02 4.713521912872280121e+09 7.063858808712771606e+10 4.286378888212357907e+00
1.412537544622807312e+11 8.894357005326003485e-01 1.171680616924652696e-01 -2.232509641017609514e+00 2.020228859525842469e-01 9.759277497727723663e-14 1.378534587393293390e-02 3.174193191108495155e-02 1.099818481828627494e-02 4.487363740865386963e+09 7.086474625913461304e+10 4.496690486570233070e+00
1.584893192461175842e+11 8.763783161946179234e-01 1.319574134717290403e-01 -2.226013176835671903e+00 1.966110326319219226e-01 7.608264786552172563e-14 1.205828706664861978e-02 2.776523204670801326e-02 9.510505719341456887e-03 4.265259746312386513e+09 7.108685025368760681e+10 4.719892743007094715e+00
1.778279410038995667e+11 8.634039122211792927e-01 1.468726646906002853e-01 -2.219379298806380962e+00 1.910819747226737975e-01 5.923848627281353689e-14 1.053425804208220004e-02 2.425602553345111712e-02 8.209974279837484873e-03 4.047412451228765488e+09 7.130469754877124023e+10 4.957005504242822269e+00
1.995262314968964539e+11 8.505131891976378533e-01 1.619153596854649158e-01 -2.212663680638319974e+00 1.854413619819530179e-01 4.605863483725037273e-14 9.189905836968237721e-03 2.116054018622203631e-02 7.074560136845660374e-03 3.834025403295087814e+09 7.151808459670491028e+10 5.209149869543053590e+00
2.238721138568438416e+11 8.377066185980864832e-01 1.770873369366861849e-01 -2.205892214620130964e+00 1.796955000714786088e-01 3.575697929262855713e-14 8.004990539376147934e-03 1.843217188552588592e-02 6.084742335051965961e-03 3.625312100225566387e+09 7.172679789977442932e+10 5.477544770086324455e+00
2.511886431509695129e+11 8.249845922660420383e-01 1.923905688630166144e-01 -2.199051416742817011e+00 1.738514372449992962e-01 2.771577904513703408e-14 6.961888932220045359e-03 1.603034167441011112e-02 5.223179496053569418e-03 3.421484873789895058e+09 7.193062512621009827e+10 5.763527235436304963e+00
2.818382931264587402e+11 8.123477929325282343e-01 2.078267141023830700e-01 -2.192064598518336904e+00 1.679171628210107126e-01 2.144943679644248966e-14 6.045272655233208808e-03 1.391975469902452175e-02 4.474427086717706371e-03 3.222740881801056385e+09 7.212936911819894409e+10 6.068586149184950429e+00
3.162277660168534546e+11 7.997970088537031952e-01 2.233973224442503958e-01 -2.184970324783294338e+00 1.619015539095572942e-01 1.657175890242933296e-14 5.240450296685131119e-03 1.206658273372340773e-02 3.824768650899010563e-03 3.029268171639683247e+09 7.232284182836032104e+10 6.394377566286423509e+00
3.548133892335934448e+11 7.873327648383393607e-01 2.391042929444198717e-01 -2.177808719088067058e+00 1.558142139519841096e-01 1.277980147738507563e-14 4.534444675923483305e-03 1.044094471578762943e-02 3.262080464661237106e-03 2.841258784570882320e+09 7.251085121542912292e+10 6.742719763489001927e+00
3.981071705535180664e+11 7.749554571223470356e-01 2.549497259613652811e-01 -2.170594329757697949e+00 1.496655380256487478e-01 9.836327470935753802e-15 3.915912498092075089e-03 9.016721743575886738e-03 2.775638803177151500e-03 2.658903570510569096e+09 7.269320642948942566e+10 7.115613491962413661e+00
4.466835921509872437e+11 7.626656583843148818e-01 2.709355371999703777e-01 -2.163238674851545085e+00 1.434668657263347413e-01 7.556094435182040768e-15 3.375183404939198842e-03 7.771646994333885304e-03 2.355929584729409085e-03 2.482376351076523304e+09 7.286973364892347717e+10 7.515292669008855064e+00
5.011872336273001709e+11 7.504642016123255210e-01 2.870633284302488430e-01 -2.155743601142432020e+00 1.372305249626826484e-01 5.792542823458425704e-15 2.903148513356798837e-03 6.684746489603190546e-03 1.994519747630983750e-03 2.311831931151961327e+09 7.304027806884803772e+10 7.944267996408637345e+00
5.623413251903812256e+11 7.383516858751932865e-01 3.033350287640962928e-01 -2.148169567832409310e+00 1.309695658824793496e-01 4.430652680233478208e-15 2.491539099660808332e-03 5.736980789490783543e-03 1.683976565653635699e-03 2.147420656642510891e+09 7.320468934335748291e+10 8.405327741321254820e+00
6.309573444802304688e+11 7.263285382881163876e-01 3.197528344418060775e-01 -2.140545856440082328e+00 1.246977582567310866e-01 3.380847046973007627e-15 2.133170274851917906e-03 4.911806075692038039e-03 1.417756894024066417e-03 1.989288619195648670e+09 7.336282138080435181e+10 8.901559055245803265e+00
7.079457843841807861e+11 7.143952246818376928e-01 3.363189338181154509e-01 -2.132800666107843135e+00 1.184296596217133124e-01 2.573496513276593275e-15 1.821896007701552219e-03 4.195070588318959917e-03 1.190084977423792401e-03 1.837563052787774801e+09 7.351454694721221924e+10 9.436421736259084980e+00
7.943282347243309326e+11 7.025525608319900250e-01 3.530350608834240123e-01 -2.124885408527031228e+00 1.121807284631464313e-01 1.954012549302032741e-15 1.552127338916273235e-03 3.573905273017128053e-03 9.958605808903910148e-04 1.692344642668221712e+09 7.365976535733177185e+10 1.001383626402720850e+01
8.912509381338023682e+11 6.908012405408173739e-01 3.699031369080739706e-01 -2.116876485201855118e+00 1.059670088431475671e-01 1.479572640206674475e-15 1.318670503621305551e-03 3.036351044209369306e-03 8.306041729597291989e-04 1.553719528087151766e+09 7.379839047191284180e+10 1.063821174720446372e+01
1.000000000000065430e+12 6.791417279356982695e-01 3.869254428132899437e-01 -2.108806190309739037e+00 9.980498718153943405e-02 1.117039606163465879e-15 1.117039606163538860e-03 2.572078745436104548e-03 6.903934282185929380e-04 1.421763791534866810e+09 7.393034620846513367e+10 1.131447612682286774e+01
1.122018454302038818e+12 6.675744192474121208e-01 4.041044054129942498e-01 -2.100643271054760675e+00 9.371157811675495664e-02 8.407549005649872191e-16 9.433425139787912856e-04 2.172126410275092030e-03 5.717882993258135331e-04 1.296532674963823080e+09 7.405557732503617859e+10 1.204818364501457140e+01
1.258925411794253662e+12 6.561000488686210552e-01 4.214419881478129737e-01 -2.092293200259695674e+00 8.770422196357163802e-02 6.308269756741045103e-16 7.941641101214456889e-04 1.828630441356522652e-03 4.717693780350235618e-04 1.178050793743579388e+09 7.417405920625642395e+10 1.284566969563372929e+01
1.412537544622853760e+12 6.447194038627569457e-01 4.389400896114926676e-01 -2.083820321445344792e+00 8.180059621859132879e-02 4.717167429676052850e-16 6.663176098689509511e-04 1.534252995683668816e-03 3.876972921090191004e-04 1.066318311474641442e+09 7.428579168852536011e+10 1.371415575181609903e+01
1.584893192461227539e+12 6.334329879818104692e-01 4.566010654288765180e-01 -2.075271323865898410e+00 7.601828836628174435e-02 3.514605462687510225e-16 5.570274272000477755e-04 1.282603050259656244e-03 3.172758909604362883e-04 9.613188414161468744e+08 7.439079115858384705e+10 1.466181186674693926e+01
1.778279410039053711e+12 6.222411767756609313e-01 4.744275173839243576e-01 -2.066657218336124480e+00 7.037471381691089156e-02 2.608566918589574945e-16 4.638760841036861484e-04 1.068114156253600119e-03 2.585079607976051557e-04 8.630139850505585670e+08 7.448909601494944763e+10 1.569791691203420747e+01
1.995262314969029785e+12 6.111445790425773517e-01 4.924217208913450605e-01 -2.057856871990215719e+00 6.488711625170681674e-02 1.928499478053045309e-16 3.847862332996685093e-04 8.860030447851458685e-04 2.096550307716367012e-04 7.713336376044430733e+08 7.458077636239555359e+10 1.683313103012915946e+01
2.238721138568511719e+12 6.001440360128119655e-01 5.105855925544336982e-01 -2.048891927815502889e+00 5.957235783296167125e-02 1.419772711443483174e-16 3.178475181071257864e-04 7.318709570386229633e-04 1.692081807260426484e-04 6.861770508935846090e+08 7.466593294910641479e+10 1.807976916582185467e+01
2.511886431509777344e+12 5.892401096889595680e-01 5.289215218821352593e-01 -2.039837226284765492e+00 5.444645536060407909e-02 1.040539671080759288e-16 2.613717481235405902e-04 6.018306909590590958e-04 1.358656395261007379e-04 6.074224176707612276e+08 7.474468758232923889e+10 1.945196386861539750e+01
2.818382931264679688e+12 5.784331885911054849e-01 5.474322297852978192e-01 -2.030730595398965388e+00 4.952442584956781579e-02 7.589411850733612746e-17 2.138986881844549695e-04 4.925199308245077146e-04 1.085068739815116815e-04 5.349264148450198174e+08 7.481718358515498352e+10 2.096593569200323870e+01
3.162277660168638184e+12 5.677237432959510999e-01 5.661203460126977838e-01 -2.021460078550125772e+00 4.482018750724563183e-02 5.508031113787991353e-17 1.741792374264554768e-04 4.010625156072269884e-04 8.616731282071841557e-05 4.685168948505395651e+08 7.488359310514945984e+10 2.264048973732951353e+01
3.548133892336050781e+12 5.571126044405763089e-01 5.849878971160383800e-01 -2.011980445376550186e+00 4.034644504190420394e-02 3.976628148303570011e-17 1.410960911021344683e-04 3.248857560515046772e-04 6.801860602925020524e-05 4.079916649600564241e+08 7.494411833503994751e+10 2.449763112366101581e+01
3.981071705535311035e+12 5.466004148497135562e-01 6.040372465244735478e-01 -2.002395340471074370e+00 3.611422070207841867e-02 2.854834156608169305e-17 1.136529948486854623e-04 2.616956917127122220e-04 5.335406983514483968e-05 3.531274780620182753e+08 7.499898252193798828e+10 2.656302202468269513e+01
4.466835921510018555e+12 5.361875854846521738e-01 6.232712062184453394e-01 -1.992749667171835659e+00 3.213264522662977185e-02 2.037173725023361830e-17 9.099720773290726102e-05 2.095288140298747881e-04 4.157345719158021119e-05 3.036834743910682797e+08 7.504842652560893250e+10 2.886653255162668330e+01
5.011872336273166016e+12 5.258744761835946191e-01 6.426927331573398794e-01 -1.982980207159383390e+00 2.840885407352559955e-02 1.444532404242513547e-17 7.239811995673220381e-05 1.667028317731663115e-04 3.216766604650422368e-05 2.593978707900092304e+08 7.509271212920999146e+10 3.144320565254893296e+01
5.623413251903997070e+12 5.156618308719657096e-01 6.623040948742889844e-01 -1.972970433196489015e+00 2.494796977421078962e-02 1.017565380970460900e-17 5.722190648028028988e-05 1.317583088541927851e-04 2.470613753082027947e-05 2.199872525149729252e+08 7.513212274748503113e+10 3.433457809354059975e+01
6.309573444802510742e+12 5.055503814021938824e-01 6.821075790148012352e-01 -1.962824348795574769e+00 2.175280192920641190e-02 7.117241223898598356e-18 4.490675622656431992e-05 1.034016274620045496e-04 1.882713912291537152e-05 1.851534629439042211e+08 7.516695653705609131e+10 3.758996223432718153e+01
7.079457843842039062e+12 4.955405576565879433e-01 7.021060765807799475e-01 -1.952598848538808385e+00 1.882366828103281681e-02 4.940392746458884663e-18 3.497530218057866519e-05 8.053360942396258436e-05 1.422875820076621248e-05 1.545896015510791242e+08 7.519752039844891357e+10 4.126776989358767622e+01
7.943282347243568359e+12 4.856326593632540045e-01 7.223027858080197650e-01 -1.942294091980417914e+00 1.615842145296988649e-02 3.401794143585029688e-18 2.702141136969551762e-05 6.221909901152072474e-05 1.065994048987914568e-05 1.279806474568543434e+08 7.522412935254315186e+10 4.543756748873047968e+01
8.912509381338316406e+12 4.758272828269446975e-01 7.427003418010416080e-01 -1.931743109399048919e+00 1.375256199781529735e-02 2.322755418129628487e-18 2.070157945463471687e-05 4.766714825367371068e-05 7.912784308249297158e-06 1.050042030360513479e+08 7.524710579696394348e+10 5.018303124443161067e+01
1.000000000000098242e+13 4.661252164458383196e-01 7.633009761317699482e-01 -1.921001459352838392e+00 1.159923420541978181e-02 1.571789352030267070e-18 1.571789352030421622e-05 3.619178731312019536e-05 5.816310919079458486e-06 8.533540855795770884e+07 7.526677459144204712e+10 5.560546308195355891e+01
1.122018454302075391e+13 4.565269220896790436e-01 7.841076056812977813e-01 -1.910164244027256819e+00 9.689217856897412370e-03 1.053401520234012353e-18 1.181935945492422852e-05 2.721508088964675977e-05 4.231139214010291638e-06 6.865350598129999638e+07 7.528345649401870728e+10 6.182738738158414549e+01
1.258925411794294922e+13 4.470326808999690593e-01 8.051235754080530160e-01 -1.899279923609984211e+00 8.011159580363601262e-03 6.987413395782358071e-19 8.796632286662277482e-06 2.025499437181868705e-05 3.044387332473660634e-06 5.464466845031496882e+07 7.529746533154968262e+10 6.899750150227011147e+01
1.412537544622899805e+13 4.376429103912896079e-01 8.263519742007749969e-01 -1.888173228701517825e+00 6.551864129203265399e-03 4.585072182348191294e-19 6.476586602372875189e-06 1.491289176410873803e-05 2.165190179075478777e-06 4.300353178878147155e+07 7.530910646821121216e+10 7.729795134675597978e+01
1.584893192461279492e+13 4.283583888681961049e-01 8.477950766195855303e-01 -1.876812091197138654e+00 5.296585974085840989e-03 2.974353707911674733e-19 4.714032943641178379e-06 1.085446198391101936e-05 1.521006335374987553e-06 3.343648618332362175e+07 7.531867351381668091e+10 8.695401883565774881e+01
1.778279410039111719e+13 4.191796338292070323e-01 8.694557305782104617e-01 -1.865338096154870229e+00 4.229253186270958385e-03 1.905786851794793661e-19 3.389021518469941922e-06 7.803510428264933316e-06 1.054557025070590769e-06 2.566648997663881630e+07 7.532644351002336121e+10 9.824489140833354384e+01
1.995262314969094922e+13 4.101069233427612204e-01 8.913373646423491392e-01 -1.853819009838097998e+00 3.332855420028224894e-03 1.205074351191088368e-19 2.404439439667410961e-06 5.536426410785136788e-06 7.210586040943403503e-07 1.943562875222679228e+07 7.533267437124777222e+10 1.115175309835931046e+02
2.238721138568585156e+13 4.011405090611467328e-01 9.134435163889276232e-01 -1.842133765290813630e+00 2.589861875067693813e-03 7.514137871660676477e-20 1.682205929140551541e-06 3.873422295785231867e-06 4.858123864300820445e-07 1.450609491492270306e+07 7.533760390508508301e+10 1.272068423148934784e+02
2.511886431509859375e+13 3.922810719184907091e-01 9.357766759276152646e-01 -1.830139079012676806e+00 1.982639667940532761e-03 4.616599416152984830e-20 1.159637343315102103e-06 2.670163659996572658e-06 3.222227375355375984e-07 1.066142985501438007e+07 7.534144857014498901e+10 1.458639395564220536e+02
2.818382931264771875e+13 3.835292017480753102e-01 9.583395157071786796e-01 -1.818001864463417938e+00 1.493782873954907931e-03 2.791569437667566457e-20 7.867711654562667256e-07 1.811607557177151792e-06 2.101784571061949372e-07 7.708191933825778775e+06 7.534440180806617737e+10 1.681914572683351423e+02
3.162277660168741406e+13 3.748851668031460971e-01 9.811355217654903482e-01 -1.805796945060493597e+00 1.106472202664775858e-03 1.659444962840558672e-20 5.247625734270245779e-07 1.208310478934260227e-06 1.346805062034099543e-07 5.476487670980799012e+06 7.534663351232902527e+10 1.950885376400400730e+02
3.548133892336166406e+13 3.663491017306209629e-01 1.004168570322336640e+00 -1.793498771606791165e+00 8.048185604450275223e-04 9.686567726028858757e-21 3.436923924913266200e-07 7.913809795259874367e-07 8.468821974190396656e-08 3.819252943658817559e+06 7.534829074705633545e+10 2.277153632780332941e+02
3.981071705535441406e+13 3.579215092293451250e-01 1.027441564582508127e+00 -1.780871468003964342e+00 5.741461993999567122e-04 5.546463473461736548e-21 2.208086879998434398e-07 5.084307933920127493e-07 5.219292541895410485e-08 2.611246663408265449e+06 7.534949875333659363e+10 2.675856298067362218e+02
4.466835921510164844e+13 3.496030291606282980e-01 1.050956970591188311e+00 -1.768032062653559056e+00 4.011795551118996325e-04 3.110873598435602414e-21 1.389576193676973600e-07 3.199617429140006762e-07 3.148311201130385391e-08 1.747917650269985199e+06 7.535036208234973145e+10 3.166946901334014797e+02
5.011872336273329688e+13 3.413939239607389209e-01 1.074718266200386907e+00 -1.755105281829405950e+00 2.741705519523995427e-04 1.706465836741938977e-21 8.552588919962443891e-08 1.969306375361156984e-07 1.856080250005100212e-08 1.143865694972690893e+06 7.535096613430502319e+10 3.776890699253703474e+02
5.623413251904180469e+13 3.332942615173981604e-01 1.098729510986182767e+00 -1.742152188283396130e+00 1.829740002708798356e-04 9.140325229494881459e-22 5.139982602225563300e-08 1.183524731813332718e-07 1.067872473211480830e-08 7.307316748438247014e+05 7.535137926832514954e+10 4.541090977330011924e+02
6.309573444802717188e+13 3.253043147500759846e-01 1.122994181680325942e+00 -1.728892908765664371e+00 1.190463720083947903e-04 4.773560967218318500e-22 3.011913351590747838e-08 6.935186784762590193e-08 5.986116206390849145e-09 4.549502823932280298e+05 7.535165504971760559e+10 5.507463389250605132e+02
7.079457843842270312e+13 3.174247072467523689e-01 1.147514631302040344e+00 -1.715328633315662765e+00 7.537452376708319907e-05 2.426391037729725336e-22 1.717753306428429173e-08 3.955273156823334355e-08 3.263501220994379671e-09 2.755521325269874651e+05 7.535183444786747742e+10 6.741741146591740517e+02
7.943282347243828125e+13 3.096557196578177407e-01 1.172294180404805486e+00 -1.701658795623586906e+00 4.635205892021203148e-05 1.197848897715727287e-22 9.514852003890814715e-09 2.190875638620351704e-08 1.726964022133464773e-09 1.620422991273096413e+05 7.535194795770086670e+10 8.334999344332336477e+02
8.912509381338607812e+13 3.019973779563241423e-01 1.197336943908785756e+00 -1.687989943553975358e+00 2.762670192145594576e-05 5.730735619431129570e-23 5.107523497015125829e-09 1.176050746634384769e-08 8.852324258197841705e-10 9.233153138338787539e+04 7.535201766846861267e+10 1.041471912947498822e+03
1.000000000000130938e+14 2.944497187171870034e-01 1.222647024874109034e+00 -1.674094231055354154e+00 1.592242473374481899e-05 2.651343714144985679e-23 2.651343714145332768e-09 6.104944512594510146e-09 4.385961263463270444e-10 5.086526182112671086e+04 7.535205913473817444e+10 1.316169238035435228e+03
1.122018454302112188e+14 2.870132525463670037e-01 1.248226888168854520e+00 -1.659798262454547757e+00 8.852156590984539431e-06 1.183486836969002828e-23 1.327894071502856465e-09 3.057589094117647047e-09 2.095327861785241279e-10 2.702622206645635015e+04 7.535208297377793884e+10 1.683640396137270727e+03
1.258925411794336094e+14 2.796883029354551020e-01 1.274079499686405992e+00 -1.645370286367844326e+00 4.734753186757295080e-06 5.082321215519024747e-24 6.398263329118379256e-10 1.473254576267843780e-09 9.626169441888735872e-11 1.381274953300950074e+04 7.535209618725047302e+10 2.181970289003800644e+03
1.412537544622946250e+14 2.724748498599815494e-01 1.300208963230010895e+00 -1.630922551206853921e+00 2.429379828301912266e-06 2.093474163841316627e-24 2.957110855123988708e-10 6.808999373339372641e-10 4.240783157884307300e-11 6.771463658705823036e+03 7.535210322853634644e+10 2.867596078810638119e+03
1.584893192461331250e+14 2.653727378188249220e-01 1.326619883464857486e+00 -1.616369095321699367e+00 1.191991446110369954e-06 8.245890439560085127e-25 1.306885562344075373e-10 3.009215214102608773e-10 1.786229511023822803e-11 3.174650667796270682e+03 7.535210682534933472e+10 3.825494482495747434e+03
1.778279410039170000e+14 2.583822636721576638e-01 1.353315148469094398e+00 -1.601365176112144129e+00 5.573980259002177067e-07 3.096092526587996444e-25 5.505717591607585769e-11 1.267738325267070813e-10 7.169911261814073010e-12 1.418731250640712460e+03 7.535210858126875305e+10 5.185954950129002100e+03
1.995262314969160312e+14 2.515037883909425065e-01 1.380297226371129726e+00 -1.586144212245938157e+00 2.475085218182446325e-07 1.103924667699529628e-25 2.202619288025724404e-11 5.071718338149192076e-11 2.732635864109117506e-12 6.021477985495455414e+02 7.535210939785220337e+10 7.152745048329990823e+03
2.238721138568658125e+14 2.447372400770053413e-01 1.407570133447400451e+00 -1.570877599994942475e+00 1.039466675811879848e-07 3.722409644565286302e-26 8.333437157700152077e-12 1.918844817272304364e-11 9.849950752537509086e-13 2.417686253918590751e+02 7.535210975823136902e+10 1.005052265724667996e+04
2.511886431509941875e+14 2.380823318270735012e-01 1.435138733084829976e+00 -1.555635171569603958e+00 4.110808940921373848e-08 1.181811915398600791e-26 2.968577314886520598e-12 6.835401872657994007e-12 3.343988241192277845e-13 9.145028099573102054e+01 7.535210990854971313e+10 1.440716133246676509e+04
2.818382931264864375e+14 2.315390715999684490e-01 1.463006643887083902e+00 -1.539957622931715120e+00 1.523679653043230796e-08 3.517250473346736702e-27 9.912958699063706931e-13 2.282543092792974301e-12 1.064501999829545133e-13 3.244319671960252549e+01 7.535210996755680847e+10 2.110009963812259957e+04
3.162277660168845000e+14 2.251077963473542831e-01 1.491175896629894693e+00 -1.523921678387713641e+00 5.266368333656354292e-09 9.762584371716975429e-28 3.087200246419408925e-13 7.108541266492875782e-13 3.161526949689829198e-14 1.074070017723734338e+01 7.535210998925929260e+10 3.162527936605272043e+04
3.548133892336283125e+14 2.187884067440195035e-01 1.519650195468722931e+00 -1.507821944126108704e+00 1.687960878171331370e-09 2.512622203316799876e-28 8.915119998225005138e-14 2.052782241016600140e-13 8.711960728124698097e-15 3.300018305648425354e+00 7.535210999669998169e+10 4.859907802487551089e+04
3.981071705535571875e+14 2.125805256318116787e-01 1.548434418249164279e+00 -1.491831202919642774e+00 4.986468573755404827e-10 5.959189624645336754e-29 2.372396120259669544e-14 5.462643941186824858e-14 2.214344140286518669e-15 9.354523141223236582e-01 7.535210999906454468e+10 7.672171358031168347e+04
4.466835921510310625e+14 2.064838438948300992e-01 1.577533107439218707e+00 -1.475514748585351033e+00 1.348701025113385908e-10 1.294145427600114170e-29 5.780735283662510984e-15 1.331063489070600508e-14 5.159172827221696636e-16 2.431318281606866527e-01 7.535210999975686646e+10 1.246828271269316610e+05
5.011872336273493750e+14 2.004985738279414786e-01 1.606948145338410017e+00 -1.458672034742397816e+00 3.316168632842641003e-11 2.555499690558202523e-30 1.280783820446412817e-15 2.949113732307872956e-15 1.094235671468243692e-16 5.753931916220705878e-02 7.535210999994245911e+10 2.090722423564515193e+05
5.623413251904365000e+14 1.946246240237344549e-01 1.636682580628250561e+00 -1.441743193259520606e+00 7.354634372779691974e-12 4.551392476541821942e-31 2.559436076720311031e-16 5.893319356727353539e-16 2.096242544730953434e-17 1.230272279143071988e-02 7.535210999998770142e+10 3.626765615619245218e+05
6.309573444802923750e+14 1.888615328192371212e-01 1.666741163013480742e+00 -1.424922392729871312e+00 1.458631236377011364e-12 7.247556912447982888e-32 4.572899263447965966e-17 1.052948967577873854e-16 3.596754636546537811e-18 2.356665538208983866e-03 7.535210999999765015e+10 6.526741255257648882e+05
7.079457843842502500e+14 1.832087096947675464e-01 1.697129285870186077e+00 -1.407977629636269601e+00 2.562601174906430421e-13 1.022290569193639205e-32 7.237262988764125050e-18 1.666441387200580954e-17 5.477718708017214006e-19 4.008132883204673538e-04 7.535210999999960327e+10 1.222175080586024560e+06
7.943282347244088750e+14 1.776661218296603229e-01 1.727849210113905354e+00 -1.390383450988005309e+00 3.947804108733343266e-14 1.264800972137958965e-33 1.004667123476061134e-18 2.313331541937186824e-18 7.332823545314846311e-20 5.993713557146390506e-05 7.535210999999993896e+10 2.389147274628465995e+06
8.912509381338898750e+14 1.722337042612755442e-01 1.758902978723222876e+00 -1.372605152139057871e+00 5.274201794881581787e-15 1.357043741395425061e-34 1.209466507607396442e-19 2.784899550892360838e-19 8.532698027488167581e-21 7.793410727128946631e-06 7.535210999999998474e+10 4.893705999788586982e+06
