# [1] m:            [M_sun/h] 
# [2] sigma 
# [3] ln(1/sigma) 
# [4] n_eff 
# [5] f(sigma) 
# [6] dn/dm:        [h^4/(Mpc^3*M_sun)] 
# [7] dn/dlnm:      [h^3/Mpc^3] 
# [8] dn/dlog10m:   [h^3/Mpc^3] 
# [9] n(>m):        [h^3/Mpc^3] 
# [11] rho(>m):     [M_sun*h^2/Mpc^3] 
# [11] rho(<m):     [M_sun*h^2/Mpc^3] 
# [12] Lbox(N=1):   [Mpc/h]
1.000000000000000000e+10 1.079173135677719442e+00 -7.619513278997613881e-02 -2.361242218390441128e+00 2.634886541852080044e-01 2.113694856888376304e-11 2.113694856888376217e-01 4.866962268609358322e-01 1.933804491022280136e-01 7.902083474804707527e+09 6.745002652519528961e+10 1.729268691017691095e+00
1.122018454301965332e+10 1.065977678633527326e+00 -6.389238615624789897e-02 -2.356394020342361451e+00 2.601964237969263127e-01 1.670573396676843494e-11 1.874414180337335978e-01 4.315998149741402945e-01 1.704230480563512229e-01 7.659343678770899773e+09 6.769276632122910309e+10 1.803670589771833033e+00
1.258925411794171333e+10 1.052844856559529196e+00 -5.149588759571331609e-02 -2.351505963623462314e+00 2.567851153824338151e-01 1.319532223242091236e-11 1.661192647520728094e-01 3.825037426772541216e-01 1.500704591150664458e-01 7.417892019011632919e+09 6.793421798098836517e+10 1.881777463050763544e+00
1.412537544622761154e+10 1.039775144603467982e+00 -3.900448266510417317e-02 -2.346529688066314456e+00 2.532536428584611921e-01 1.041659383243215513e-11 1.471382987539631426e-01 3.387984533193799108e-01 1.320379042151506865e-01 7.177864714727503777e+09 6.817424528527249908e+10 1.963814485835667423e+00
1.584893192461123848e+10 1.026769175934937106e+00 -2.641715002289826003e-02 -2.341474016061691366e+00 2.496011661440642182e-01 8.217953763213182651e-12 1.302457897527684871e-01 2.999020139099613513e-01 1.160703925344172271e-01 6.939395165821248055e+09 6.841271483417874908e+10 2.050026691364938980e+00
1.778279410038937378e+10 1.013827398701572902e+00 -1.373267243719730572e-02 -2.336369787180621493e+00 2.458270186424216797e-01 6.478879928721434193e-12 1.152125877735986487e-01 2.652867871327563298e-01 1.019406725083493448e-01 6.702628492930038452e+09 6.864948150706996155e+10 2.140675483373418952e+00
1.995262314968899155e+10 1.000950139272929640e+00 -9.496881763244033933e-04 -2.331230172041795168e+00 2.419307386241038860e-01 5.104014390806206059e-12 1.018384756903456673e-01 2.344917560178264582e-01 8.944620892958482505e-02 6.467721844113335609e+09 6.888438815588665771e+10 2.236038896342958271e+00
2.238721138568365097e+10 9.881377980068157818e-01 1.193311929272035908e-02 -2.326009928735548904e+00 2.379121477719042810e-01 4.018040260194136564e-12 8.995271666115346731e-02 2.071237844582891063e-01 7.840582041768198729e-02 6.234830604483261108e+09 6.911727939551673889e+10 2.336418118702665137e+00
2.511886431509613037e+10 9.753910219424805073e-01 2.491684023646868057e-02 -2.320692310577221917e+00 2.337714361113807093e-01 3.160837309165507878e-12 7.939664349102194818e-02 1.828175277361898943e-01 6.865728761282005599e-02 6.004103289000832558e+09 6.934800671099916077e+10 2.442143161795833350e+00
2.818382931264495468e+10 9.627103352918293666e-01 3.800270652110877140e-02 -2.315317312196524036e+00 2.295090744283223572e-01 2.484467819840062456e-12 7.002181696713145886e-02 1.612311919328744403e-01 6.005606962109347885e-02 5.775696262327405930e+09 6.957641373767259216e+10 2.553569590739716233e+00
3.162277660168431091e+10 9.500961020578911898e-01 5.119213944294640634e-02 -2.309902960356768453e+00 2.251258198438457758e-01 1.951100495837598806e-12 6.169921510730787956e-02 1.420676929555201584e-01 5.247359749888364649e-02 5.549779079578418732e+09 6.980233092042158508e+10 2.671076870957692417e+00
3.548133892335818481e+10 9.375486679549414060e-01 6.448660999970674823e-02 -2.304421799754767353e+00 2.206227847967918987e-01 1.530877683673331537e-12 5.431758994461899359e-02 1.250708728938429715e-01 4.579513335264959878e-02 5.326522655897524834e+09 7.002558734410247803e+10 2.795075589339788724e+00
3.981071705535050964e+10 9.250686472901702428e-01 7.788733093671097729e-02 -2.298830311591653519e+00 2.160015708227077114e-01 1.200118720287140490e-12 4.777758680618068854e-02 1.100119591591406654e-01 3.991806255132503145e-02 5.106089230663125038e+09 7.024602076933686829e+10 2.926017023718729071e+00
4.466835921509725952e+10 9.126566483720793821e-01 9.139553881014993164e-02 -2.293167586774802480e+00 2.112642049304131742e-01 9.399105921345939331e-13 4.198426395954281409e-02 9.667234033357045841e-02 3.475095506400727174e-02 4.888642985588790894e+09 7.046346701441120911e+10 3.064392695001177724e+00
5.011872336272837830e+10 9.003130781518142722e-01 1.050127115355658641e-01 -2.287456520659270076e+00 2.064130890104125260e-01 7.353477548640057805e-13 3.685469070143250481e-02 8.486106141602475783e-02 3.021262002026740834e-02 4.674359913449759483e+09 7.067775008655024719e+10 3.210730624563436830e+00
5.623413251903628540e+10 8.880382647592869327e-01 1.187404459732121081e-01 -2.281693329055031860e+00 2.014510663566832227e-01 5.746767643776281777e-13 3.231644932362253558e-02 7.441137447107076808e-02 2.623080912309003893e-02 4.463420234592083931e+09 7.088868976540791321e+10 3.365602107379150887e+00
6.309573444802097321e+10 8.758327519544368833e-01 1.325801287001940332e-01 -2.275816282555898518e+00 1.963815687619805128e-01 4.486355129955348338e-13 2.830698719191792820e-02 6.517924673568360749e-02 2.274104359292119376e-02 4.255995446179921150e+09 7.109611455382008362e+10 3.529635589245448735e+00
7.079457843841575623e+10 8.636972151062589642e-01 1.465330170773153362e-01 -2.269846482924974485e+00 1.912086191009090552e-01 3.498370595725201891e-13 2.476656715457150465e-02 5.702712833475231252e-02 1.968588421616030912e-02 4.052251847340698242e+09 7.129985815265930176e+10 3.703522815989200634e+00
7.943282347243049622e+10 8.516321162735596140e-01 1.606006338115955612e-01 -2.263819168787725378e+00 1.859367116422881439e-01 2.724543953778164491e-13 2.164182189233387898e-02 4.983213647452018613e-02 1.701440259592850932e-02 3.852363877094527721e+09 7.149974612290547180e+10 3.888013507307737537e+00
8.912509381337731934e+10 8.396378004656097627e-01 1.747846700557768862e-01 -2.257748934562117782e+00 1.805708687981757710e-01 2.119057224052924519e-13 1.888611738896318198e-02 4.348689236436225486e-02 1.468142687495645887e-02 3.656511860558012009e+09 7.169559813944198608e+10 4.083920173616722771e+00
1.000000000000032654e+11 8.277147252610865813e-01 1.890867186714287884e-01 -2.251571783921746839e+00 1.751167644440887461e-01 1.645970487924733851e-13 1.645970487924787451e-02 3.789987109003752075e-02 1.264675778859647264e-02 3.464867848792265415e+09 7.188724215120773315e+10 4.292137236963726288e+00
1.122018454302001953e+11 8.158635941207369457e-01 2.035081020592243717e-01 -2.245277647506623175e+00 1.695808133561650666e-01 1.276756548508029750e-13 1.432544409076938474e-02 3.298555401392522929e-02 1.087462216099741204e-02 3.277592170244670391e+09 7.207451782975532532e+10 4.513657567770145818e+00
1.258925411794212494e+11 8.040849435011889756e-01 2.180503642629754157e-01 -2.238916054641925779e+00 1.639700017706641477e-01 9.888743901583747050e-14 1.244919098842882550e-02 2.866532158979202480e-02 9.333350270904487017e-03 3.094847414955565929e+09 7.225726258504443359e+10 4.749568384889846229e+00
1.412537544622807312e+11 7.923791541772848834e-01 2.327152717005447347e-01 -2.232509641017609514e+00 1.582918992049926477e-01 7.646730531047087634e-14 1.080129396871750899e-02 2.487089847741543250e-02 7.994944769224306136e-03 2.916800965819331646e+09 7.243530903418066406e+10 5.001053616965852378e+00
1.584893192461175842e+11 7.807466110363892042e-01 2.475046234798084499e-01 -2.226013176835671903e+00 1.525547418127616017e-01 5.903416785000618562e-14 9.356285074808521132e-03 2.154364253905678359e-02 6.834581243812505938e-03 2.743612340147283554e+09 7.260849765985272217e+10 5.269418556919724494e+00
1.778279410038995667e+11 7.691879933192550256e-01 2.624198746986798336e-01 -2.219379298806380962e+00 1.467675851236012741e-01 4.550031257138134033e-14 8.091226899602590311e-03 1.863073844305735555e-02 5.830221719259657057e-03 2.575424762727087021e+09 7.277668523727291870e+10 5.556120333000691858e+00
1.995262314968964539e+11 7.577039251623203242e-01 2.774625696935444363e-01 -2.212663680638319974e+00 1.409401358858166364e-01 3.500573002321361358e-14 6.984561392329577921e-03 1.608254694307982222e-02 4.962389584606230822e-03 2.412375866698694229e+09 7.293973413330130005e+10 5.862772577123447348e+00
2.238721138568438416e+11 7.462948265917235258e-01 2.926345469447655390e-01 -2.205892214620130964e+00 1.350826659553469589e-01 2.687962741102077396e-14 6.017599008189583772e-03 1.385603377187309172e-02 4.213925066732411573e-03 2.254604127833552361e+09 7.309750587216644287e+10 6.191146258175486139e+00
2.511886431509695129e+11 7.349610466924344498e-01 3.079377788710960795e-01 -2.199051416742817011e+00 1.292060623721518475e-01 2.059831504845244493e-14 5.174062808216966548e-03 1.191371989241529761e-02 3.569681225125204832e-03 2.102239860212613821e+09 7.324987013978738403e+10 6.543199896494322765e+00
2.818382931264587402e+11 7.237031936948520316e-01 3.233739241104625073e-01 -2.192064598518336904e+00 1.233219785310426114e-01 1.575292804901332170e-14 4.439778353077830121e-03 1.022296745199466686e-02 3.016264041514957975e-03 1.955394489412263632e+09 7.339671551058773804e+10 6.921127998544834625e+00
3.162277660168534546e+11 7.125219698394502643e-01 3.389445324523297498e-01 -2.184970324783294338e+00 1.174427220517932496e-01 1.202108582462746499e-14 3.801401115418808017e-03 8.753049540854285562e-03 2.541863616693736116e-03 1.814164964424846411e+09 7.353794503557514954e+10 7.327389059595189380e+00
3.548133892335934448e+11 7.014178426670878430e-01 3.546515029524993090e-01 -2.177808719088067058e+00 1.115810410607347286e-01 9.151819447201236464e-15 3.247188075715382125e-03 7.476926857290260540e-03 2.136114206740124307e-03 1.678643187889196157e+09 7.367346681211080933e+10 7.764708874736833799e+00
3.981071705535180664e+11 6.903911651758232182e-01 3.704969359694447739e-01 -2.170594329757697949e+00 1.057501351464416040e-01 6.950116727725591751e-15 2.766891305491511049e-03 6.371002673959588400e-03 1.789915968458879493e-03 1.548911797704051971e+09 7.380319820229594421e+10 8.236115957463931991e+00
4.466835921509872437e+11 6.794424475527058860e-01 3.864827472080497595e-01 -2.163238674851545085e+00 9.996373885877990473e-02 5.264877343536810691e-15 2.351734324045369820e-03 5.415068397229297510e-03 1.495264191679158711e-03 1.425032696415637016e+09 7.392707730358436584e+10 8.745017622644793320e+00
5.011872336273001709e+11 6.685724318889200157e-01 4.026105384383283914e-01 -2.155743601142432020e+00 9.423608876687385172e-02 3.977734398711838308e-15 1.993589699394538416e-03 4.590409923372344887e-03 1.245127233664118822e-03 1.307045770062438488e+09 7.404506422993756104e+10 9.295271712476292691e+00
5.623413251903812256e+11 6.577816518820003289e-01 4.188822387721756746e-01 -2.148169567832409310e+00 8.858160502051541652e-02 2.996683413119823978e-15 1.685158921709836461e-03 3.880221812454990107e-03 1.033361440268436293e-03 1.194979171893467665e+09 7.415713082810653687e+10 9.891206058039760052e+00
6.309573444802304688e+11 6.470704880396991321e-01 4.353000444498852928e-01 -2.140545856440082328e+00 8.301482522159084332e-02 2.250725519279700780e-15 1.420111796798607723e-03 3.269928253693463877e-03 8.546076886147257459e-04 1.088849313802471399e+09 7.426326068619752502e+10 1.053766532789300392e+01
7.079457843841807861e+11 6.364393553606157994e-01 4.518661438261948327e-01 -2.132800666107843135e+00 7.755039586378485728e-02 1.685183204918026620e-15 1.193018345836740005e-03 2.747026258792092859e-03 7.041838258025874889e-04 9.886510411250765324e+08 7.436345895887492371e+10 1.124012958407546137e+01
7.943282347243309326e+11 6.258889806017332580e-01 4.685822708915034496e-01 -2.124885408527031228e+00 7.220309123640168691e-02 1.257664737136004337e-15 9.989986105242820279e-04 2.300279308514976712e-03 5.780011866199112266e-04 8.943529795748240948e+08 7.445775702042517090e+10 1.200485973159321240e+01
8.912509381338023682e+11 6.154199818565626590e-01 4.854503469161534635e-01 -2.116876485201855118e+00 6.698746027774915568e-02 9.353176478784625377e-16 8.336027311247811789e-04 1.919441222167044990e-03 4.725081733528611557e-04 8.059059647634575367e+08 7.454620403523654175e+10 1.283897120751322873e+01
1.000000000000065430e+12 6.050327726062127986e-01 5.024726528213692145e-01 -2.108806190309739037e+00 6.191763983934867738e-02 6.929959912214734602e-16 6.929959912215187794e-04 1.595682238891301882e-03 3.846300868264028471e-04 7.232463140424458981e+08 7.462886368595755005e+10 1.375051346508334937e+01
1.122018454302038818e+12 5.947277058441711173e-01 5.196516154210736316e-01 -2.100643271054760675e+00 5.700728100042613822e-02 5.114538868321990188e-16 5.738606995502338595e-04 1.321363092239503456e-03 3.117039535481330118e-04 6.462894137120028734e+08 7.470582058628799438e+10 1.474865996973004734e+01
1.258925411794253662e+12 5.845054358250802995e-01 5.369891981558925220e-01 -2.092293200259695674e+00 5.226955968885504955e-02 3.759573657928694334e-16 4.733022815478709982e-04 1.089818777972198591e-03 2.514244067928407154e-04 5.749245555078508854e+08 7.477718544449214172e+10 1.584397646501070689e+01
1.412537544622853760e+12 5.743666637268401987e-01 5.544872996195722159e-01 -2.083820321445344792e+00 4.771687834363311925e-02 2.751673151218957561e-16 3.886841636627456627e-04 8.949783611326961709e-04 2.018044783152185767e-04 5.090197782437330484e+08 7.484309022175627136e+10 1.704863973281907974e+01
1.584893192461227539e+12 5.643118383312750730e-01 5.721482754369561219e-01 -2.075271323865898410e+00 4.336056466445326052e-02 2.004718610613943441e-16 3.177264878762369143e-04 7.315922746331765363e-04 1.611402124210719352e-04 4.484276244325255156e+08 7.490368237556747437e+10 1.837660820186266264e+01
1.778279410039053711e+12 5.543412942077029504e-01 5.899747273920038504e-01 -2.066657218336124480e+00 3.921078002180238692e-02 1.453418963565122605e-16 2.584585017068158873e-04 5.951226931876904200e-04 1.279723382255503914e-04 3.929828732458755970e+08 7.495912712675411987e+10 1.984394272828614447e+01
1.995262314969029785e+12 5.444555737214202829e-01 6.079689308994243868e-01 -2.057856871990215719e+00 3.527649241898723337e-02 1.048446920551343904e-16 2.091926629821424914e-04 4.816839073464086762e-04 1.010521732121980238e-04 3.424983687509262562e+08 7.500961163124906921e+10 2.146931134195881441e+01
2.238721138568511719e+12 5.346554263063831858e-01 6.261328025625130245e-01 -2.048891927815502889e+00 3.156530199184922475e-02 7.522877392592223417e-17 1.684162464165537827e-04 3.877927384167686249e-04 7.931525706811868616e-05 2.967672300276186466e+08 7.505534276997238159e+10 2.327453901616233978e+01
2.511886431509777344e+12 5.249413526386274009e-01 6.444687318902146966e-01 -2.039837226284765492e+00 2.808311762460590985e-02 5.367034048863652916e-17 1.348138000479159220e-04 3.104202463202111891e-04 6.185993244969427212e-05 2.555697248857525587e+08 7.509654027511424255e+10 2.528503269436006917e+01
2.818382931264679688e+12 5.153136988423488996e-01 6.629794397933773675e-01 -2.030730595398965388e+00 2.483408681330532414e-02 3.805720299222641487e-17 1.072597713249660265e-04 2.469747505308169766e-04 4.792505752841863303e-05 2.186744792320760190e+08 7.513343552076792908e+10 2.753039561982076577e+01
3.162277660168638184e+12 5.057728841442196144e-01 6.816675560207774431e-01 -2.021460078550125772e+00 2.182057873701639603e-02 2.681569027013046563e-17 8.479865828323508855e-05 1.952561264688731772e-04 3.686928560342642256e-05 1.858363915297514796e+08 7.516627360847024536e+10 3.004543013372791194e+01
3.548133892336050781e+12 4.963196485409660519e-01 7.005351071241178174e-01 -2.011980445376550186e+00 1.904317033385015748e-02 1.876933819172336224e-17 6.659612497477110263e-05 1.533432446180764310e-04 2.815430132625271556e-05 1.567979802764077485e+08 7.519531201972358704e+10 3.287141619940530290e+01
3.981071705535311035e+12 4.869545647113297515e-01 7.195844565325529851e-01 -2.002395340471074370e+00 1.650043828563677040e-02 1.304361935577637345e-17 5.192758395505404342e-05 1.195676807301042458e-04 2.133152819254822811e-05 1.312957334253760427e+08 7.522081426657463074e+10 3.605725629299551116e+01
4.466835921510018555e+12 4.776779987718930975e-01 7.388184162265247767e-01 -1.992749667171835659e+00 1.418895851430945244e-02 8.995640809192561532e-18 4.018205150350278622e-05 9.252259279788450311e-05 1.602927135434853209e-05 1.090634646325778365e+08 7.524304653536741638e+10 3.966085505536275235e+01
5.011872336273166016e+12 4.684902712947786596e-01 7.582399431654193167e-01 -1.982980207159383390e+00 1.210339321622275720e-02 6.154329089400338514e-18 3.084471171148678081e-05 7.102257338456832605e-05 1.194064219978722898e-05 8.983248183613082767e+07 7.526227751816386414e+10 4.375128083585207861e+01
5.623413251903997070e+12 4.593920450271626876e-01 7.778513048823683107e-01 -1.972970433196489015e+00 1.023664109336286376e-02 4.175270247759138835e-18 2.347927004152922776e-05 5.406301719200689259e-05 8.813502435372861388e-06 7.333311288331854343e+07 7.527877688711668396e+10 4.841171750283506015e+01
6.309573444802510742e+12 4.503839719606482217e-01 7.976547890228804505e-01 -1.962824348795574769e+00 8.579851601775037237e-03 2.807218753419389306e-18 1.771235290032658526e-05 4.078419975014185015e-05 6.442322011819153323e-06 5.929937310765706003e+07 7.529281062689234924e+10 5.374266400137390320e+01
7.079457843842039062e+12 4.414664350681472005e-01 8.176532865888594959e-01 -1.952598848538808385e+00 7.122541599043991090e-03 1.869356829227862749e-18 1.323403286761687605e-05 3.047248680116786322e-05 4.660904848036417688e-06 4.747288337223418057e+07 7.530463711662776184e+10 5.986549635816080439e+01
7.943282347243568359e+12 4.326397013709891159e-01 8.378499958160993133e-01 -1.942294091980417914e+00 5.852836799348075728e-03 1.232183849476322841e-18 9.787584220103902184e-06 2.253674552163499858e-05 3.335674039966351565e-06 3.760427290792860091e+07 7.531450572709207153e+10 6.692763287826916496e+01
8.912509381338316406e+12 4.239043021042651627e-01 8.582475518091209343e-01 -1.931743109399048919e+00 4.757754646809396297e-03 8.035666653066896635e-19 7.161795443076618650e-06 1.649064342630091005e-05 2.359989316267958084e-06 2.945455423024024069e+07 7.532265544576976013e+10 7.510980844091062636e+01
1.000000000000098242e+13 4.152609396349720150e-01 8.788481861398493855e-01 -1.921001459352838392e+00 3.823429262964013128e-03 5.181053591417051909e-19 5.181053591417561129e-06 1.192981676560134029e-05 1.649477811470404748e-06 2.279777468280934170e+07 7.532931222531718445e+10 8.463522908228840436e+01
1.122018454302075391e+13 4.067100254329404363e-01 8.996548156893772186e-01 -1.910164244027256819e+00 3.035340897782413169e-03 3.299990529035660713e-19 3.702650272600080239e-06 8.525667322259285471e-06 1.138090709273891306e-06 1.742383147370496765e+07 7.533468616852629089e+10 9.577989883446694819e+01
1.258925411794294922e+13 3.982518099610939388e-01 9.206707854161323423e-01 -1.899279923609984211e+00 2.378642488868524044e-03 2.074675734988000343e-19 2.611862004009399690e-06 6.014034515389599038e-06 7.745981633326706758e-07 1.313953723629322834e+07 7.533897046276370239e+10 1.088866188696062807e+02
1.412537544622899805e+13 3.898866651742015077e-01 9.418991842088545452e-01 -1.888173228701517825e+00 1.838482102341134706e-03 1.286591568286143489e-19 1.817358894799435123e-06 4.184623499785313401e-06 5.196317129532989659e-07 9.768997565695745870e+06 7.534234100243431091e+10 1.243850305922786106e+02
1.584893192461279492e+13 3.816152844470682703e-01 9.633422866276649676e-01 -1.876812091197138654e+00 1.400291203534337510e-03 7.863482918555487872e-20 1.246278054665414732e-06 2.869661270398202613e-06 3.432745936987118279e-07 7.154236461775274947e+06 7.534495576353822327e+10 1.428190410611477432e+02
1.778279410039111719e+13 3.734381288080046435e-01 9.850029405862900100e-01 -1.865338096154870229e+00 1.050016227317295599e-03 4.731585062555459480e-20 8.414080293590996300e-07 1.937413585527759459e-06 2.230977223005632896e-07 5.155894136775793508e+06 7.534695410586322021e+10 1.648801173470106107e+02
1.995262314969094922e+13 3.653554459822079270e-01 1.006884574650428688e+00 -1.853819009838097998e+00 7.743712067729565480e-04 2.799926075326357824e-20 5.586586982798001184e-07 1.286359190730526172e-06 1.425034028941065036e-07 3.652922460612593219e+06 7.534845707753938293e+10 1.914512714743600270e+02
2.238721138568585156e+13 3.573674601612942814e-01 1.028990726397007061e+00 -1.842133765290813630e+00 5.610498793813189448e-04 1.627811192224153206e-20 3.644215325630742329e-07 8.391115884457789787e-07 8.936663341469909979e-08 2.541632243750050664e+06 7.534956836775625610e+10 2.236702384689409655e+02
2.511886431509859375e+13 3.494747779748462180e-01 1.051323885935694591e+00 -1.830139079012676806e+00 3.988854110643428024e-04 9.288092968221707067e-21 2.333063470147824186e-07 5.372077167371338674e-07 5.495865078512642290e-08 1.734646837438597111e+06 7.535037535316256714e+10 2.630195189917042740e+02
2.818382931264771875e+13 3.416779248926610224e-01 1.073886725715258006e+00 -1.818001864463417938e+00 2.779370013160173554e-04 5.194064358339841045e-21 1.463886233143571775e-07 3.370722618275594839e-07 3.310165132100918044e-08 1.159795966460598866e+06 7.535095020403353882e+10 3.114464943234866041e+02
3.162277660168741406e+13 3.339771398957911419e-01 1.096682731773569897e+00 -1.805796945060493597e+00 1.895427080552560103e-04 2.842689507860569385e-21 8.989373525503552149e-08 2.069879747517981067e-07 1.950014540652529957e-08 7.586579270059039118e+05 7.535135134207299805e+10 3.715244358676698084e+02
3.548133892336166406e+13 3.263725429382825505e-01 1.119715780330416077e+00 -1.793498771606791165e+00 1.263262632260831386e-04 1.520427043381021651e-21 5.394678723444673712e-08 1.242170681009585601e-07 1.122001933520641830e-08 4.848348675516992807e+05 7.535162516513244629e+10 4.466857845196526000e+02
3.981071705535441406e+13 3.188645818637348972e-01 1.142988774590587564e+00 -1.780871468003964342e+00 8.215397024948394359e-05 7.936375711706213147e-22 3.159528079037230873e-08 7.275082255687241797e-08 6.295822068760665685e-09 3.022436099088913179e+05 7.535180775639009094e+10 5.415632487103551966e+02
4.466835921510164844e+13 3.114538267108402647e-01 1.166504180599267748e+00 -1.768032062653559056e+00 5.204591439806272783e-05 4.035805387994216742e-22 1.802728047931683679e-08 4.150934729889750508e-08 3.439317822366429189e-09 1.834831887017041445e+05 7.535192651681129456e+10 6.624847668924121535e+02
5.011872336273329688e+13 3.041405112784311138e-01 1.190265476208466122e+00 -1.755105281829405950e+00 3.206111513239412084e-05 1.995516924471863434e-22 1.000127607032576739e-08 2.302878919045018287e-08 1.825864410132743814e-09 1.082749899330434855e+05 7.535200172501007080e+10 8.181705170145922921e+02
5.623413251904180469e+13 2.969246960462195717e-01 1.214276720994262204e+00 -1.742152188283396130e+00 1.916674103735210939e-05 9.574597834203102321e-23 5.384192034251078803e-09 1.239756031588382160e-08 9.402056724743974249e-10 6.199150081976618821e+04 7.535204800849917603e+10 1.020764860014533156e+03
6.309573444802717188e+13 2.898066241522971875e-01 1.238541391688405158e+00 -1.728892908765664371e+00 1.109628049647038232e-05 4.449423410863938923e-23 2.807396379787063908e-09 6.464269054223144726e-09 4.686599382217252107e-10 3.436565448571410525e+04 7.535207563434552002e+10 1.287401635016937689e+03
7.079457843842270312e+13 2.827868511377961691e-01 1.263061841310119782e+00 -1.715328633315662765e+00 6.207078783802164816e-06 1.998128754755343316e-23 1.414566828585950407e-09 3.257160492545873184e-09 2.256241995525008073e-10 1.840422679516583594e+04 7.535209159577320862e+10 1.642623785359221984e+03
7.943282347243828125e+13 2.758656270281190093e-01 1.287841390412884923e+00 -1.701658795623586906e+00 3.346662215698787272e-06 8.648581615332758783e-24 6.869812567377020981e-10 1.581832800930548379e-09 1.046493672155907826e-10 9.498258054783393163e+03 7.535210050174194336e+10 2.122044390021230356e+03
8.912509381338607812e+13 2.690429749620996125e-01 1.312884153916865193e+00 -1.687989943553975358e+00 1.734566690780561994e-06 3.598092579923519745e-24 3.206803387349320340e-10 7.383937675873356445e-10 4.664370300264393921e-11 4.711786568616669683e+03 7.535210528821342468e+10 2.778021864492112854e+03
1.000000000000130938e+14 2.623189275235443541e-01 1.338194234882188471e+00 -1.674094231055354154e+00 8.617273975247440131e-07 1.434916827643497295e-24 1.434916827643685125e-10 3.304018097018656141e-10 1.992381357041402278e-11 2.240546699175885806e+03 7.535210775945330811e+10 3.688721300438878643e+03
1.122018454302112188e+14 2.556939396003320430e-01 1.363774098176933958e+00 -1.659798262454547757e+00 4.090836087211778469e-07 5.469232962218138419e-25 6.136580314486158584e-11 1.412999835409654343e-10 8.131268739343298914e-12 1.018189202107249002e+03 7.535210898181079102e+10 4.972947737194805086e+03
1.258925411794336094e+14 2.491682993841702054e-01 1.389626709694485429e+00 -1.645370286367844326e+00 1.849551534390786162e-07 1.985323127026157717e-25 2.499373735236224665e-11 5.755020704575778415e-11 3.160013974675238970e-12 4.407076840335568590e+02 7.535210955929231262e+10 6.814547121002141466e+03
1.412537544622946250e+14 2.427419890356890264e-01 1.415756173238090332e+00 -1.630922551206853921e+00 7.934995619830520131e-08 6.837839075958927906e-26 9.658704418881860140e-12 2.223998881255309158e-11 1.165259078217475801e-12 1.810420907994193271e+02 7.535210981895791626e+10 9.502965843950280032e+03
1.584893192461331250e+14 2.364148700222806765e-01 1.442167093472936923e+00 -1.616369095321699367e+00 3.217554173508046927e-08 2.225821274529516649e-26 3.527688985637434938e-12 8.122804071048045277e-12 4.061892561274505303e-13 7.032060063535286076e+01 7.535210992967939758e+10 1.350280065192014263e+04
1.778279410039170000e+14 2.301872068102940871e-01 1.468862358477174057e+00 -1.601365176112144129e+00 1.227884675682359841e-08 6.820340925593140588e-27 1.212847183742977585e-12 2.792683845366390655e-12 1.333020582170907780e-13 2.572072799318980429e+01 7.535210997427926636e+10 1.957586891947367621e+04
1.995262314969160312e+14 2.240593209810037845e-01 1.495844436379209164e+00 -1.586144212245938157e+00 4.389832900482825760e-09 1.957930494805592853e-27 3.906584931614520704e-13 8.995244228050759597e-13 4.099685151280450395e-14 8.818329585236325485e+00 7.535210999118167114e+10 2.900123539363821328e+04
2.238721138568658125e+14 2.180311484818713008e-01 1.523117343455479888e+00 -1.570877599994942475e+00 1.462878590260423902e-09 5.238680084631181530e-28 1.172794384366247355e-13 2.700458866588850436e-13 1.175759377620560698e-14 2.819968042576062484e+00 7.535210999718003845e+10 4.397716033117431652e+04
2.511886431509941875e+14 2.121024337169357399e-01 1.550685943092909191e+00 -1.555635171569603958e+00 4.519024268488769941e-10 1.299169288387908862e-28 3.263365707736014954e-14 7.514177231620911809e-14 3.127902301828290248e-15 8.367054596574283742e-01 7.535210999916329956e+10 6.837787607192210271e+04
2.818382931264864375e+14 2.062731837765401643e-01 1.578553853895163339e+00 -1.539957622931715120e+00 1.286405579298960103e-10 2.969528813795070822e-29 8.369269322699226957e-15 1.927095478169961464e-14 7.675841243805817705e-16 2.290541387908952287e-01 7.535210999977095032e+10 1.092172755413039267e+05
3.162277660168845000e+14 2.005436988436819501e-01 1.606723106637974130e+00 -1.523921678387713641e+00 3.353031451458206016e-11 6.215716480877915851e-30 1.965582136942354120e-15 4.525920127578846220e-15 1.726622516486227979e-16 5.749127344822013014e-02 7.535210999994250488e+10 1.795839555927547917e+05
3.548133892336283125e+14 1.949138904316644327e-01 1.635197405476802146e+00 -1.507821944126108704e+00 7.946523384366139701e-12 1.182883522535518796e-30 4.197029116994404003e-16 9.664016679653277297e-16 3.535420676001904694e-17 1.313842689104729490e-02 7.535210999998686218e+10 3.046863284783433191e+05
3.981071705535571875e+14 1.893834225383935754e-01 1.663981628257243717e+00 -1.491831202919642774e+00 1.699228936575360722e-12 2.030701146304610882e-31 8.084366875951938501e-17 1.861494265486177808e-16 6.540429397170527813e-18 2.713435074166165115e-03 7.535210999999728394e+10 5.347259319228131790e+05
4.466835921510310625e+14 1.839520197791555955e-01 1.693080317447297922e+00 -1.475514748585351033e+00 3.251043732157724782e-13 3.119537467947144248e-32 1.393446202032362317e-17 3.208528452688886830e-17 1.084561620282884542e-18 5.024502828887725085e-04 7.535210999999949646e+10 9.733041819244980579e+05
5.011872336273493750e+14 1.786198712828855062e-01 1.722495355346489232e+00 -1.458672034742397816e+00 5.515586824847105441e-14 4.250411238001876092e-33 2.130251850152757667e-18 4.905086154484725805e-18 1.598023532485484888e-19 8.269186518555857038e-05 7.535210999999992371e+10 1.842774850440874929e+06
5.623413251904365000e+14 1.733868956166846609e-01 1.752229790636329998e+00 -1.441743193259520606e+00 8.216386353371993087e-15 5.084684994199695445e-34 2.859328497814183455e-19 6.583847175039996842e-19 2.071558144883093837e-20 1.197677781065029093e-05 7.535210999999998474e+10 3.641114119577396195e+06
6.309573444802923750e+14 1.682526814949312222e-01 1.782288373021560179e+00 -1.424922392729871312e+00 1.063096503798083337e-15 5.282248331551302934e-35 3.332873380161064981e-20 7.674224561995546091e-20 2.337407370732137532e-21 1.510327359846537857e-06 7.535211000000000000e+10 7.535091497672511265e+06
7.079457843842502500e+14 1.632167028363291084e-01 1.812676495878265515e+00 -1.407977629636269601e+00 1.180563853937398784e-16 4.709586907354661045e-36 3.334132197252990986e-21 7.677123095466220770e-21 2.269231528466043295e-22 1.639255989101506719e-07 7.535211000000000000e+10 1.639483550773484074e+07
7.943282347244088750e+14 1.582789304016527232e-01 1.843396420121985013e+00 -1.390383450988005309e+00 1.110891838527311173e-17 3.559085097969264973e-37 2.827081783103875934e-22 6.509596370450011273e-22 1.872108453382467129e-23 1.512403513502441854e-08 7.535211000000000000e+10 3.766081075831326097e+07
8.912509381338898750e+14 1.534393063170820526e-01 1.874450188731302314e+00 -1.372605152139057871e+00 8.734852296365596141e-19 2.247463616636710274e-38 2.003054056749252986e-23 4.612202411532079796e-23 1.294043004816695632e-24 1.169487219219194942e-09 7.535211000000000000e+10 9.176641455279277265e+07
