# [1] m:            [M_sun/h] 
# [2] sigma 
# [3] ln(1/sigma) 
# [4] n_eff 
# [5] f(sigma) 
# [6] dn/dm:        [h^4/(Mpc^3*M_sun)] 
# [7] dn/dlnm:      [h^3/Mpc^3] 
# [8] dn/dlog10m:   [h^3/Mpc^3] 
# [9] n(>m):        [h^3/Mpc^3] 
# [11] rho(>m):     [M_sun*h^2/Mpc^3] 
# [11] rho(<m):     [M_sun*h^2/Mpc^3] 
# [12] Lbox(N=1):   [Mpc/h]
1.000000000000000000e+10 8.850992274088345102e-01 1.220555188934234758e-01 -2.361242218390441128e+00 2.002426566458905821e-01 1.606338135472722667e-11 1.606338135472722695e-01 3.698730245047341381e-01 1.340040018650704989e-01 4.413188176363101959e+09 7.093892182363690186e+10 1.954162810122292537e+00
1.122018454301965332e+10 8.742767852547437268e-01 1.343582655271515491e-01 -2.356394020342361451e+00 1.957256635379556187e-01 1.256643276575633237e-11 1.409976946792349251e-01 3.246591899149322558e-01 1.166406965045789085e-01 4.229651519626098633e+09 7.112245848037390137e+10 2.046680092068109413e+00
1.258925411794171333e+10 8.635057140641199114e-01 1.467547640876862014e-01 -2.351505963623462314e+00 1.911259400501299777e-01 9.821318350870231017e-12 1.236430724923095748e-01 2.846986955727742186e-01 1.014067493673863063e-01 4.048979513374974728e+09 7.130313048662503052e+10 2.144425911168987398e+00
1.412537544622761154e+10 8.527864035361560902e-01 1.592461690182955525e-01 -2.346529688066314456e+00 1.864465794210094784e-01 7.668747692448335679e-12 1.083239403582243743e-01 2.494250902832235439e-01 8.805365472098641844e-02 3.871295331585677147e+09 7.148081466841432190e+10 2.247764827643848218e+00
1.584893192461123848e+10 8.421193729739183675e-01 1.718335016605014587e-01 -2.341474016061691366e+00 1.816911020737551896e-01 5.982059695857215229e-12 9.480925688860161737e-02 2.183063815895371351e-01 7.636036792416744934e-02 3.696716680923664570e+09 7.165539331907633972e+10 2.357096316836866823e+00
1.778279410038937378e+10 8.315049899320775539e-01 1.845179792462021406e-01 -2.336369787180621493e+00 1.768633461593482337e-01 4.661311803260716375e-12 8.289114803510001794e-02 1.908639218067839927e-01 6.613111033925946070e-02 3.525366260843574524e+09 7.182674373915643311e+10 2.472851642229692892e+00
1.995262314968899155e+10 8.209435220872745020e-01 1.973009635070752943e-01 -2.331230172041795168e+00 1.719674979097846057e-01 3.627999439319812260e-12 7.238810560003117178e-02 1.666797728647105847e-01 5.719251797247213581e-02 3.357371447910370350e+09 7.199473855208963013e+10 2.595495384317168863e+00
2.238721138568365097e+10 8.104352977986722939e-01 2.101837709761200657e-01 -2.326009928735548904e+00 1.670081757396583988e-01 2.820560363092022269e-12 6.314448107462172777e-02 1.453955408272686323e-01 4.939063513017268731e-02 3.192853962868341446e+09 7.215925603713165283e+10 2.725535206834092783e+00
2.511886431509613037e+10 7.999808477447323263e-01 2.231674919198683715e-01 -2.320692310577221917e+00 1.619905118146753309e-01 2.190283218479637020e-12 5.501742697662205528e-02 1.266823072112584214e-01 4.258868892920954219e-02 3.031926053043372631e+09 7.232018394695663452e+10 2.863531136437800217e+00
2.818382931264495468e+10 7.895806018653198644e-01 2.362533582045083513e-01 -2.315317312196524036e+00 1.569200193425822343e-01 1.698681149389947881e-12 4.787533957101383630e-02 1.102370432182444154e-01 3.666570516847199313e-02 2.874700610644458771e+09 7.247740938935554504e+10 3.010093500678184153e+00
3.162277660168431091e+10 7.792348587027067008e-01 2.494427911263459585e-01 -2.309902960356768453e+00 1.518025794975080833e-01 1.315629137219602560e-12 4.160384629696216308e-02 9.579639629460061367e-02 3.151486918065089099e-02 2.721294359412853241e+09 7.263081564058714294e+10 3.165882778558821720e+00
3.548133892335818481e+10 7.689439017993829895e-01 2.627372616831063490e-01 -2.304421799754767353e+00 1.466444995954695185e-01 1.017550349892109719e-12 3.610404883610365129e-02 8.313264464674130494e-02 2.704164315711736141e-02 2.571819219923436165e+09 7.278029078007656860e+10 3.331621383134346637e+00
3.981071705535050964e+10 7.587082349881457688e-01 2.761379826201105780e-01 -2.298830311591653519e+00 1.414526342365348133e-01 7.859199992602490536e-13 3.128803871869105524e-02 7.204337154267854981e-02 2.316224275238188204e-02 2.426375324410807133e+09 7.292573467558918762e+10 3.508109416359382227e+00
4.466835921509725952e+10 7.485283571818821535e-01 2.896461904935497267e-01 -2.293167586774802480e+00 1.362342734573702974e-01 6.061037963176012170e-13 2.707366209554875475e-02 6.233941075396850356e-02 1.980267319496572045e-02 2.285057887585436821e+09 7.306705211241456604e+10 3.696227778204717929e+00
5.011872336272837830e+10 7.384046021473739119e-01 3.032633632189654649e-01 -2.287456520659270076e+00 1.309970530027298463e-01 4.666777154548530078e-13 2.338929132043184728e-02 5.385583353012139696e-02 1.689779208786348561e-02 2.147963267210910797e+09 7.320414673278909302e+10 3.896936651151577280e+00
5.623413251903628540e+10 7.283372390050448786e-01 3.169910976566117089e-01 -2.281693329055031860e+00 1.257489935103130174e-01 3.587224730113851314e-13 2.017244708487864885e-02 4.644877594685277444e-02 1.439017685093914312e-02 2.015183461108220100e+09 7.333692653889178467e+10 4.111288526355019179e+00
6.309573444802097321e+10 7.183267137273589009e-01 3.308307803835937588e-01 -2.275816282555898518e+00 1.204986130685281043e-01 2.752801977805341418e-13 1.736900625795927480e-02 3.999361488969731954e-02 1.222911708002539892e-02 1.886797632942243099e+09 7.346531236705775452e+10 4.340452078693533444e+00
7.079457843841575623e+10 7.083735802278224858e-01 3.447836687607149231e-01 -2.269846482924974485e+00 1.152548749130815481e-01 2.108713860838680862e-13 1.492855088253185192e-02 3.437425872212095113e-02 1.036992023972995065e-02 1.762874191440685034e+09 7.358923580855931091e+10 4.585726980474620795e+00
7.943282347243049622e+10 6.984782174705508329e-01 3.588512854949950648e-01 -2.263819168787725378e+00 1.100270141609346608e-01 1.612233719402083999e-13 1.280642764295657730e-02 2.948788938517869079e-02 8.773366537047466718e-03 1.643478754753859520e+09 7.370863124524613953e+10 4.848542893729882231e+00
8.912509381337731934e+10 6.886409084198144015e-01 3.730353217391765286e-01 -2.257748934562117782e+00 1.048245487091177264e-01 1.230149794806700560e-13 1.096372158666540468e-02 2.524490188919278899e-02 7.405046755188184754e-03 1.528672240721578360e+09 7.382343775927842712e+10 5.130472904737231943e+00
1.000000000000032654e+11 6.788620283652866405e-01 3.873373703548286251e-01 -2.251571783921746839e+00 9.965734408861665061e-02 9.367067042127533798e-14 9.367067042127839166e-03 2.156846893627939465e-02 6.234712484551385020e-03 1.418502212151283264e+09 7.393360778784872437e+10 5.433268779600483711e+00
1.122018454302001953e+11 6.691421542603249728e-01 4.017587537426240418e-01 -2.245277647506623175e+00 9.453562994050339341e-02 7.117490605518521412e-14 7.985955807712911622e-03 1.838834279614897510e-02 5.235792191240679939e-03 1.313000889907307386e+09 7.403910911009269714e+10 5.758895522331476613e+00
1.258925411794212494e+11 6.594817260874781262e-01 4.163010159463751414e-01 -2.238916054641925779e+00 8.946977252625484822e-02 5.395765432036344151e-14 6.792866218471331138e-03 1.564115249335492133e-02 4.385054809003086085e-03 1.212193129144949436e+09 7.413991687085505676e+10 6.109537357080149000e+00
1.412537544622807312e+11 6.498810561446597411e-01 4.309659233839444603e-01 -2.232509641017609514e+00 8.447022630583377045e-02 4.080569262870421013e-14 5.763957287238283614e-03 1.327200212624927121e-02 3.662225943512984177e-03 1.116097515046765566e+09 7.423601248495323181e+10 6.487613293655859259e+00
1.584893192461175842e+11 6.403404601027272713e-01 4.457552751632082866e-01 -2.226013176835671903e+00 7.954754336457951769e-02 3.078254383468400397e-14 4.878704417022841806e-03 1.123363206376100203e-02 3.049585088762729861e-03 1.024719244346492887e+09 7.432739075565350342e+10 6.895827910177072972e+00
1.778279410038995667e+11 6.308604950506647713e-01 4.606705263820793927e-01 -2.219379298806380962e+00 7.471242757647406085e-02 2.316205451519421689e-14 4.118860463857062365e-03 9.484026704199812613e-03 2.531643619563711620e-03 9.380458533544759750e+08 7.441406414664552307e+10 7.337235805133180300e+00
1.995262314968964539e+11 6.214416728828668912e-01 4.757132213769439955e-01 -2.212663680638319974e+00 6.997550952749229114e-02 1.738003003445886599e-14 3.467771896078452893e-03 7.984839873813943598e-03 2.094921955113369493e-03 8.560531045954236984e+08 7.449605689540457153e+10 7.815271152930057141e+00
2.238721138568438416e+11 6.120843380897571517e-01 4.908851986281651536e-01 -2.205892214620130964e+00 6.534720688020158319e-02 1.300321222466356317e-14 2.911056607664584857e-03 6.702955549670290211e-03 1.727727069526265036e-03 7.787083586673890352e+08 7.457340164133261108e+10 8.333772118081427038e+00
2.511886431509695129e+11 6.027887769783486505e-01 5.061884305544956941e-01 -2.199051416742817011e+00 6.083769833912371777e-02 9.698879868365046688e-15 2.436248474218869701e-03 5.609669419565858905e-03 1.419911445295362479e-03 7.059661067169047594e+08 7.464614389328309631e+10 8.897054414199864425e+00
2.818382931264587402e+11 5.935554883974715201e-01 5.216245757938622329e-01 -2.192064598518336904e+00 5.645696387475138828e-02 7.211711167615047456e-15 2.032536366001645809e-03 4.680087937323679920e-03 1.162667511373125092e-03 6.377632755678232908e+08 7.471434672443217468e+10 9.510021256163406989e+00
3.162277660168534546e+11 5.843850482996587603e-01 5.371951841357293089e-01 -2.184970324783294338e+00 5.221461623181876399e-02 5.344531973176413648e-15 1.690089406283223081e-03 3.891574672734906919e-03 9.483759461216612670e-04 5.740219765432294607e+08 7.477808802345677185e+10 1.017825099997977389e+01
3.548133892335934448e+11 5.752778401452087742e-01 5.529021546358989792e-01 -2.177808719088067058e+00 4.811967721674377529e-02 3.946751110751306674e-15 1.400360138067120687e-03 3.224448378736435861e-03 7.704753698348784999e-04 5.146544409753555059e+08 7.483745555902464294e+10 1.090804899606449219e+01
3.981071705535180664e+11 5.662341534505102025e-01 5.687475876528444996e-01 -2.170594329757697949e+00 4.418053213892979281e-02 2.903635584326970688e-15 1.155958146794921386e-03 2.661691996935008821e-03 6.233218604430930008e-04 4.595615377890312672e+08 7.489254846221096802e+10 1.170655780439373572e+01
4.466835921509872437e+11 5.572544066527428397e-01 5.847333988914493741e-01 -2.163238674851545085e+00 4.040492897633057856e-02 2.128041603518042620e-15 9.505612677061862610e-04 2.188748204997786884e-03 5.020608553947735961e-04 4.086286232813520432e+08 7.494348137671864319e+10 1.258194781118971939e+01
5.011872336273001709e+11 5.483392083885674229e-01 6.008611901217280060e-01 -2.155743601142432020e+00 3.679989397879975671e-02 1.553334885433789925e-15 7.785116141273404127e-04 1.792589237412346975e-03 4.025274193345206291e-04 3.617261044950721860e+08 7.499038389550492859e+10 1.354362260785213401e+01
5.623413251903812256e+11 5.394889963776231534e-01 6.171328904555754002e-01 -2.148169567832409310e+00 3.337148226004523627e-02 1.128945082184266737e-15 6.348524735826643894e-04 1.461801841921839306e-03 3.211676423511663136e-04 3.187147438480515480e+08 7.503339525615194702e+10 1.460234949790606329e+01
6.309573444802304688e+11 5.307040826987661220e-01 6.335506961332849629e-01 -2.140545856440082328e+00 3.012471730791944913e-02 8.167513432093194329e-16 5.153352586120135432e-04 1.186603284374253796e-03 2.549575141937642734e-04 2.794465527927425504e+08 7.507266344720726013e+10 1.577044910848678683e+01
7.079457843841807861e+11 5.219848077190121227e-01 6.501167955095943363e-01 -2.132800666107843135e+00 2.706357206805904206e-02 5.880959936592626181e-16 4.163400795243008966e-04 9.586584607286108978e-04 2.013259705661929000e-04 2.437621959628090560e+08 7.510834780403718567e+10 1.706213600710282563e+01
7.943282347243309326e+11 5.133317674984581025e-01 6.668329225749031197e-01 -2.124885408527031228e+00 2.419096674907699959e-02 4.213687435892662981e-16 3.347050902632711157e-04 7.706869513894346003e-04 1.580923352632419496e-04 2.114907804238268435e+08 7.514061921957617188e+10 1.849395209916021088e+01
8.912509381338023682e+11 5.047454689753064772e-01 6.837009985995529115e-01 -2.116876485201855118e+00 2.150857840185718683e-02 3.003152064076212544e-16 2.676562094466389198e-04 6.163011979191229108e-04 1.234176315305281636e-04 1.824543447628107071e+08 7.516965565523718262e+10 2.008511228981254959e+01
1.000000000000065430e+12 4.962262512719812224e-01 7.007233045047691622e-01 -2.108806190309739037e+00 1.901678050761591854e-02 2.128400354391660071e-16 2.128400354391799399e-04 4.900822927945801136e-04 9.575804426268570723e-05 1.564703119224854112e+08 7.519563968807751465e+10 2.185789040777214964e+01
1.122018454302038818e+12 4.877744039011220889e-01 7.179022671044734683e-01 -2.100643271054760675e+00 1.671466132356310211e-02 1.499594148501184070e-16 1.682572308581680570e-04 3.874265915624755595e-04 7.382032215375940621e-05 1.333507599671092927e+08 7.521875924003289795e+10 2.383826744912817119e+01
1.258925411794253662e+12 4.793904634589985503e-01 7.352398498392921367e-01 -2.092293200259695674e+00 1.460009038806903831e-02 1.050135404872484387e-16 1.322042147018817582e-04 3.044114540035372215e-04 5.652437101460916122e-05 1.129024824544412047e+08 7.523920751754556274e+10 2.605682045991510165e+01
1.412537544622853760e+12 4.710750050266581668e-01 7.527379513029717195e-01 -2.083820321445344792e+00 1.266965764858393566e-02 7.306168801672265532e-17 1.032023773971423920e-04 2.376322557562057282e-04 4.297327827061564644e-05 9.493008750055749714e+07 7.525717991249943542e+10 2.854963135243549743e+01
1.584893192461227539e+12 4.628283966789100146e-01 7.703989271203556255e-01 -2.075271323865898410e+00 1.091865267375589747e-02 5.048095288263733700e-17 8.000691857264789688e-05 1.842227380417675109e-04 3.242690342566635950e-05 7.923914133835691214e+07 7.527287085866163635e+10 3.135919030181139533e+01
1.778279410039053711e+12 4.546509128175485470e-01 7.882253790754034650e-01 -2.066657218336124480e+00 9.341161526031609499e-03 3.462471620332532866e-17 6.157241990281903067e-05 1.417757362078010111e-04 2.427694156942718237e-05 6.563688543934631348e+07 7.528647311456065369e+10 3.453573280708835114e+01
1.995262314969029785e+12 4.465429982712013635e-01 8.062195825828240014e-01 -2.057856871990215719e+00 7.930197610628639607e-03 2.356921194282933317e-17 4.702676038304536037e-05 1.082831174298032198e-04 1.802547022848710370e-05 5.393263303693353385e+07 7.529817736696307373e+10 3.813916076452732540e+01
2.238721138568511719e+12 4.385052676988083209e-01 8.243834542459127501e-01 -2.048891927815502889e+00 6.677786876990367271e-03 1.591499803880596908e-17 3.562924252975132813e-05 8.203936272367487231e-05 1.326740822465017274e-05 4.393972105995275080e+07 7.530817027894004822e+10 4.224136749116149048e+01
2.511886431509777344e+12 4.305381317369557648e-01 8.427193835736144223e-01 -2.039837226284765492e+00 5.575027771396573982e-03 1.065457342465044547e-17 2.676307841890411608e-05 6.162426540999928106e-05 9.675817521308334494e-06 3.547831076846991479e+07 7.531663168923153687e+10 4.692858328091099196e+01
2.818382931264679688e+12 4.226418742643359150e-01 8.612300914767767601e-01 -2.030730595398965388e+00 4.612260231023574374e-03 7.068096571644179030e-18 1.992060273405235455e-05 4.586888289888538505e-05 6.988488813586229869e-06 2.837657994913165644e+07 7.532373342005087280e+10 5.230448238050165344e+01
3.162277660168638184e+12 4.148168391156784041e-01 8.799182077041769467e-01 -2.021460078550125772e+00 3.779251901821823346e-03 4.644388660514169821e-18 1.468684650628450531e-05 3.381771382846238892e-05 4.996323895402543821e-06 2.247115300922869146e+07 7.532963884699076843e+10 5.849469378646504225e+01
3.548133892336050781e+12 4.070636332098448440e-01 8.987857588075174320e-01 -2.011980445376550186e+00 3.065380433106139856e-03 3.021301654430356994e-18 1.071998279905533225e-05 2.468367259025739508e-05 3.533789234934555659e-06 1.760810360266517848e+07 7.533450189639733887e+10 6.565277974191741350e+01
3.981071705535311035e+12 3.993827262374667897e-01 9.178351082159525998e-01 -2.002395340471074370e+00 2.459765211468619567e-03 1.944447812086664323e-18 7.740986167588261404e-06 1.782427935456183953e-05 2.471090436314079367e-06 1.364458586479464360e+07 7.533846541413520813e+10 7.396684933352528901e+01
4.466835921510018555e+12 3.917744184742771862e-01 9.370690679099243914e-01 -1.992749667171835659e+00 1.951456414346342677e-03 1.237201514159821647e-18 5.526376165595677591e-06 1.272495137717820159e-05 1.707359668020581389e-06 1.044958576176837459e+07 7.534166041423823547e+10 8.366779570372504793e+01
5.011872336273166016e+12 3.842389728420709805e-01 9.564905948488190424e-01 -1.982980207159383390e+00 1.529629065084851369e-03 7.777852444408831338e-19 3.898160350174724857e-06 8.975845912412772068e-06 1.164839735780809250e-06 7.903934168415383436e+06 7.534420606583158875e+10 9.504106063394500836e+01
5.623413251903997070e+12 3.767769329023902825e-01 9.761019565657679253e-01 -1.972970433196489015e+00 1.183766069892432278e-03 4.828286160323855498e-19 2.715144837794983589e-06 6.251852028826465571e-06 7.841472872498299815e-07 5.900370634142447263e+06 7.534620962936585999e+10 1.084428156435319721e+02
6.309573444802510742e+12 3.693888333954402081e-01 9.959054407062801761e-01 -1.962824348795574769e+00 9.037908310838231986e-04 2.957089105902612097e-19 1.865797089651791979e-06 4.296156565183891208e-06 5.204470723995721208e-07 4.343779060986356810e+06 7.534776622093901062e+10 1.243200406226300458e+02
7.079457843842039062e+12 3.620749884219127135e-01 1.015903938272258999e+00 -1.952598848538808385e+00 6.801993720757943665e-04 1.785226977961153014e-19 1.263843913216550352e-06 2.910108154443689441e-06 3.402904544088832822e-07 3.151056476516279858e+06 7.534895894352348328e+10 1.432353051930341792e+02
7.943282347243568359e+12 3.548356169831565765e-01 1.036100647499498928e+00 -1.942294091980417914e+00 5.041832588366616926e-04 1.061445056496489488e-19 8.431357779837516868e-07 1.941391873755324068e-06 2.190029537039084474e-07 2.250481181509087794e+06 7.534985951881849670e+10 1.659013840762496272e+02
8.912509381338316406e+12 3.476711547792030177e-01 1.056498203492520771e+00 -1.931743109399048919e+00 3.677219342734846922e-04 6.210683619056062272e-20 5.535277601936136080e-07 1.274544769180197701e-06 1.386045376305207420e-07 1.580970781205666251e+06 7.535052902921879578e+10 1.932298353686798293e+02
1.000000000000098242e+13 3.405821778663543076e-01 1.077098837823248889e+00 -1.921001459352838392e+00 2.636329228459667173e-04 3.572437745763329118e-20 3.572437745763679828e-07 8.225841899044702512e-07 8.617631365340426025e-08 1.091339928423175821e+06 7.535101866007157898e+10 2.263970146830811245e+02
1.122018454302075391e+13 3.335690237174563921e-01 1.097905467372776833e+00 -1.910164244027256819e+00 1.855941361569221615e-04 2.017759823978432749e-20 2.263963758853108905e-07 5.212969202213935942e-07 5.257928590025780970e-08 7.394676897822294850e+05 7.535137053231021118e+10 2.669285980618965368e+02
1.258925411794294922e+13 3.266318977532454704e-01 1.118921437099532179e+00 -1.899279923609984211e+00 1.281483234371549548e-04 1.117722475565998508e-20 1.407129227823663285e-07 3.240034783902989713e-07 3.144677593496558953e-08 4.912674455035977298e+05 7.535161873255448914e+10 3.168166211606315414e+02
1.412537544622899805e+13 3.197711050377264885e-01 1.140149835892254160e+00 -1.888173228701517825e+00 8.667854976837147856e-05 6.065867660133731377e-21 8.568265810652755242e-08 1.972916112841957888e-07 1.841439869310328075e-08 3.196229403452573461e+05 7.535179037705966187e+10 3.786873687936592319e+02
1.584893192461279492e+13 3.129872142521275546e-01 1.161592938311064582e+00 -1.876812091197138654e+00 5.735815118529663797e-05 3.221007465783478036e-21 5.104952805387191644e-08 1.175458823012268277e-07 1.054346135346774743e-08 2.033780711354721570e+05 7.535190662192886353e+10 4.560427926745892364e+02
1.778279410039111719e+13 3.062806035153881057e-01 1.183253592269689403e+00 -1.865338096154870229e+00 3.708115175628921590e-05 1.670951545203040288e-21 2.971418728007604708e-08 6.841944468153640218e-08 5.894328178898687196e-09 1.263864315393336292e+05 7.535198361356846619e+10 5.535904156254624695e+02
1.995262314969094922e+13 2.996514760028591295e-01 1.205135226333828191e+00 -1.853819009838097998e+00 2.338440097101619476e-05 8.455194803470037614e-22 1.687033155708628805e-08 3.884537395721391890e-08 3.212707712929940418e-09 7.659253141653459170e+04 7.535203340746858215e+10 6.777084926886484482e+02
2.238721138568585156e+13 2.931000155884898040e-01 1.227241378080406786e+00 -1.842133765290813630e+00 1.436167666537005813e-05 4.166848416538888829e-22 9.328411631316647442e-09 2.147946156358198209e-08 1.704586824910049511e-09 4.519422256274141546e+04 7.535206480577743530e+10 8.371313845865128087e+02
2.511886431509859375e+13 2.866267198081777767e-01 1.249574537619094539e+00 -1.830139079012676806e+00 8.575095770067439041e-06 1.996720975863006350e-22 5.015536326781411099e-09 1.154869917941699163e-08 8.788828063350787664e-10 2.592033620828425046e+04 7.535208407966378784e+10 1.043973986603916956e+03
2.818382931264771875e+13 2.802320196334662783e-01 1.272137377398657510e+00 -1.818001864463417938e+00 4.968439884167430450e-06 9.284980551965452941e-23 2.616863070478479135e-09 6.025549896490373691e-09 4.395265794373965668e-10 1.442250427075448169e+04 7.535209557749572754e+10 1.315239829765052946e+03
3.162277660168741406e+13 2.739161110680712885e-01 1.294933383456969400e+00 -1.805796945060493597e+00 2.787865615169612753e-06 4.181134908791944398e-23 1.322190951622443483e-09 3.044457175297449991e-09 2.127764026427019312e-10 7.770072797620449819e+03 7.535210222992720032e+10 1.675041273440477653e+03
3.548133892336166406e+13 2.676790924940132266e-01 1.317966432013815581e+00 -1.793498771606791165e+00 1.511635326574134060e-06 1.819361367588421957e-23 6.455337730747558464e-10 1.486396442906134079e-09 9.950506218761281539e-11 4.044734670293782983e+03 7.535210595526533508e+10 2.158000833956741644e+03
3.981071705535441406e+13 2.615213312166029258e-01 1.341239426273987068e+00 -1.780871468003964342e+00 7.902012139512379328e-07 7.633634385190001232e-24 3.039004586128234758e-10 6.997566657559413395e-10 4.485123447106116129e-11 2.029805905462798592e+03 7.535210797019409180e+10 2.814547179532367409e+03
4.466835921510164844e+13 2.554432947611977589e-01 1.364754832282667252e+00 -1.768032062653559056e+00 3.972511115497522228e-07 3.080411200228346074e-24 1.375969140220221691e-10 3.168286030690916381e-10 1.943660275043544412e-11 9.795551934748771146e+02 7.535210902044480896e+10 3.719288613071818872e+03
5.011872336273329688e+13 2.494451748812422376e-01 1.388516127891865848e+00 -1.755105281829405950e+00 1.915380740326307082e-07 1.192152758363267223e-24 5.974917430252802431e-11 1.375775580677039356e-10 8.076448722015603894e-12 4.533695578442626015e+02 7.535210954663044739e+10 4.984173900127569141e+03
5.623413251904180469e+13 2.435270211800342477e-01 1.412527372677661708e+00 -1.742152188283396130e+00 8.831487576065471458e-08 4.411701585251332149e-25 2.480882115794902066e-11 5.712442177304869676e-11 3.208899225996808927e-12 2.006807108998914941e+02 7.535210979931929016e+10 6.779764998072485469e+03
6.309573444802717188e+13 2.376890330707446819e-01 1.436792043371804883e+00 -1.728892908765664371e+00 3.881821351106944757e-08 1.556545619219047117e-25 9.821138904648501057e-12 2.261400803806751109e-11 1.215438480718912132e-12 8.470096714902405211e+01 7.535210991529902649e+10 9.370346974597547160e+03
7.079457843842270312e+13 2.319316661883506492e-01 1.461312492993519507e+00 -1.715328633315662765e+00 1.621079717176966597e-08 5.218438672141068229e-26 3.694371659009892643e-12 8.506605110015861354e-12 4.374231520168311929e-13 3.397424293199514267e+01 7.535210996602575684e+10 1.317344648174671602e+04
7.943282347243828125e+13 2.262551255947492512e-01 1.486092042096284649e+00 -1.701658795623586906e+00 6.408478753214742114e-09 1.656105335857176273e-26 1.315491227949062040e-12 3.029030491439942792e-12 1.490322619804373666e-13 1.290359375637305206e+01 7.535210998709640503e+10 1.886137004318989057e+04
8.912509381338607812e+13 2.206594302675849995e-01 1.511134805600264919e+00 -1.687989943553975358e+00 2.388698823602163479e-09 4.954989369135935543e-27 4.416138923685709656e-13 1.016853565426948599e-12 4.788516055876550720e-14 4.622803413064717759e+00 7.535210999537719727e+10 2.753803942455110882e+04
1.000000000000130938e+14 2.151446069309309317e-01 1.536444886565587975e+00 -1.674094231055354154e+00 8.359060122634172788e-10 1.391920004830422216e-27 1.391920004830604561e-13 3.205014253763150378e-13 1.445128578868405513e-14 1.555870614295015386e+00 7.535210999844412231e+10 4.105485318712240405e+04
1.122018454302112188e+14 2.097110286675639423e-01 1.562024749860333461e+00 -1.659798262454547757e+00 2.733729575566960446e-10 3.654852843217182993e-28 4.100812337848223836e-14 9.442469358295383026e-14 4.078132814702377917e-15 4.897514289993861736e-01 7.535210999951025391e+10 6.259114238108175050e+04
1.258925411794336094e+14 2.043589318420201417e-01 1.587877361377884933e+00 -1.645370286367844326e+00 8.313763973866039365e-11 8.924059472281641802e-29 1.123472524601931114e-14 2.586891087536793021e-14 1.070792703244346764e-15 1.434682339535376938e-01 7.535210999985653687e+10 9.774582104972486559e+04
1.412537544622946250e+14 1.990883018230861778e-01 1.614006824921489835e+00 -1.630922551206853921e+00 2.338431672152868243e-11 2.015101233874200844e-29 2.846406149063332931e-15 6.554092367439818529e-15 2.602176221741564674e-16 3.890590691259065981e-02 7.535210999996109009e+10 1.566346227099332318e+05
1.584893192461331250e+14 1.938990249912693753e-01 1.640417745156336427e+00 -1.616369095321699367e+00 6.047391775679833773e-12 4.183430190717608195e-30 6.630290030405546390e-16 1.526680698623885066e-15 5.819829552256474771e-17 9.712088446974433825e-03 7.535210999999029541e+10 2.580456712826120201e+05
1.778279410039170000e+14 1.887913182524149358e-01 1.667113010160573561e+00 -1.601365176112144129e+00 1.428835713844730868e-12 7.936532549091987900e-31 1.411337241915596978e-16 3.249724094422185352e-16 1.190696782091235675e-17 2.218294469841913634e-03 7.535210999999778748e+10 4.379248669442711980e+05
1.995262314969160312e+14 1.837654453559882939e-01 1.694095088062608889e+00 -1.586144212245938157e+00 3.063391293368605796e-13 1.366317891086161201e-31 2.726162598352355169e-17 6.277221360044048041e-17 2.213352244845922881e-18 4.604475279267479493e-04 7.535210999999954224e+10 7.673317260181064485e+05
2.238721138568658125e+14 1.788213537683871757e-01 1.721367995138879614e+00 -1.570877599994942475e+00 5.915258399922467686e-14 2.118299261567878075e-32 4.742281334686387633e-18 1.091950630803278358e-17 3.710592471340993410e-19 8.621562338004886165e-05 7.535210999999990845e+10 1.391614398708515801e+06
2.511886431509941875e+14 1.739588338589415084e-01 1.748936594776308917e+00 -1.555635171569603958e+00 1.020319646983395154e-14 2.933305667205256846e-33 7.368130704924102036e-19 1.696574792438994814e-18 5.565721962230622210e-20 1.444729139080889449e-05 7.535210999999998474e+10 2.619144730325099081e+06
2.818382931264864375e+14 1.691778914428972158e-01 1.776804505578563065e+00 -1.539957622931715120e+00 1.558313326240721877e-15 3.597198580026714241e-34 1.013828307831749864e-19 2.334425948468766172e-19 7.406784940159642766e-21 2.148456826019137581e-06 7.535211000000000000e+10 5.130071542623547837e+06
3.162277660168845000e+14 1.644787727196177773e-01 1.804973758321373634e+00 -1.523921678387713641e+00 2.087421631848834626e-16 3.869579282944463197e-35 1.223668412070745350e-20 2.817600644401793938e-20 8.663199078873064235e-22 2.808793748258769926e-07 7.535211000000000000e+10 1.048996168270829692e+07
3.548133892336283125e+14 1.598614051154778060e-01 1.833448057160201650e+00 -1.507821944126108704e+00 2.427014070753754007e-17 3.612743352526442056e-36 1.281849713341167678e-21 2.951568041398063840e-21 8.813054575190977311e-23 3.194708899109700217e-08 7.535211000000000000e+10 2.247110936905279011e+07
3.981071705535571875e+14 1.553255130535712292e-01 1.862232279940643442e+00 -1.491831202919642774e+00 2.421406912788774274e-18 2.893755919305460185e-37 1.152024981307304428e-22 2.652635548714943558e-22 7.709755845171168224e-24 3.125609401022681586e-09 7.535211000000000000e+10 5.061972619433410466e+07
4.466835921510310625e+14 1.508708706732002913e-01 1.891330969130697648e+00 -1.475514748585351033e+00 2.047319969016557569e-19 1.964504903163722546e-38 8.775121069434849838e-24 2.020546296369865662e-23 5.730303992913739528e-25 2.598900995584831455e-10 7.535211000000000000e+10 1.203947213844127804e+08
5.011872336273493750e+14 1.464976330911565150e-01 1.920746007029888958e+00 -1.458672034742397816e+00 1.447539348963719793e-20 1.115500074909230838e-39 5.590743966548583851e-25 1.287316371612117167e-24 3.571091590860688231e-26 1.812421683870894656e-11 7.535211000000000000e+10 3.036684483221452236e+08
5.623413251904365000e+14 1.422057335190874960e-01 1.950480442319729724e+00 -1.441743193259520606e+00 8.434153014152136237e-22 5.219449211056580110e-41 2.935111986109735635e-26 6.758345105484423897e-26 1.838420341932991383e-27 1.044429375744069425e-12 7.535211000000000000e+10 8.163036299589965343e+08
6.309573444802923750e+14 1.379948346352288802e-01 1.980539024704959905e+00 -1.424922392729871312e+00 3.984783668197604020e-23 1.979934729136075620e-42 1.249254358940005173e-27 2.876514464253088896e-27 7.692120395556537218e-29 4.893124187286393581e-14 7.535211000000000000e+10 2.351353771915612698e+09
7.079457843842502500e+14 1.338645049665081188e-01 2.010927147561665240e+00 -1.407977629636269601e+00 1.499759398196170623e-24 5.982943830077091217e-44 4.235599862710836897e-29 9.752829103765600012e-29 2.570135073297065279e-30 1.831175117299418703e-15 7.535211000000000000e+10 7.300422875186555862e+09
7.943282347244088750e+14 1.298147205319575836e-01 2.041647071805384961e+00 -1.390383450988005309e+00 4.411908740135379575e-26 1.413491224441122273e-45 1.122775989108759894e-30 2.585287255293475659e-30 6.729561597333897498e-32 5.371738829788635182e-17 7.535211000000000000e+10 2.458504886190692520e+10
8.912509381338898750e+14 1.258454338655390359e-01 2.072700840414702039e+00 -1.372605152139057871e+00 9.935826770195133835e-28 2.556472440468151925e-47 2.278458460880675323e-32 5.246344487030000979e-32 1.351848469244861781e-33 1.209269392607345471e-18 7.535211000000000000e+10 9.043932843594453430e+10
